# M=38, N=19, Vp=0.0, t=1.0, n=1, Vstart=-2.0, Vstop=2.0, Vstep=0.05, PBC
# start time 2022-01-30 19:48:03
#                       V#                 S₁(n=1)#                 S₂(n=1)                 S₃(n=1)#                 S₄(n=1)#                 S₅(n=1)#                 S₆(n=1)#                 S₇(n=1)#                 S₈(n=1)#                 S₉(n=1)#                S₁₀(n=1)#               S₀₋₅(n=1)
     -2.000000000000E+00      3.677704256079E-01      2.693010838970E-01      2.185786496193E-01      1.866770511065E-01      1.643508546062E-01      1.476525249209E-01      1.345848057672E-01      1.240168717299E-01      1.152549306411E-01      1.078468878263E-01      4.673124554816E-01
     -1.950000000000E+00      3.339041896456E-01      2.363087197803E-01      1.896755316717E-01      1.615555572291E-01      1.423283224861E-01      1.281271695759E-01      1.170847403553E-01      1.081801228540E-01      1.008029530336E-01      9.456291725059E-02      4.410875188822E-01
     -1.900000000000E+00      3.125300866067E-01      2.159734897278E-01      1.722073517963E-01      1.465936652161E-01      1.293568199463E-01      1.167241502257E-01      1.069319801657E-01      9.904005420075E-02      9.249664416327E-02      8.695358159834E-02      4.243074579740E-01
     -1.850000000000E+00      2.949623905139E-01      1.995693706440E-01      1.582979742306E-01      1.347836756929E-01      1.191801315609E-01      1.078167527610E-01      9.902595331889E-02      9.193871382836E-02      8.605376051558E-02      8.105853885137E-02      4.103558670849E-01
     -1.800000000000E+00      2.793032975175E-01      1.852011475041E-01      1.462430036672E-01      1.246120286806E-01      1.104487510466E-01      1.001928469155E-01      9.226960245695E-02      8.587609400689E-02      8.055681245352E-02      7.603103577695E-02      3.977738452512E-01
     -1.750000000000E+00      2.648033010530E-01      1.721296660760E-01      1.353764211977E-01      1.154834042832E-01      1.026281844880E-01      9.336958556583E-02      8.622410938304E-02      8.045112450770E-02      7.563725557237E-02      7.153068557968E-02      3.859738157159E-01
     -1.700000000000E+00      2.510942223806E-01      1.599983308587E-01      1.253744117925E-01      1.071046382621E-01      9.545208021057E-02      8.710403527937E-02      8.066706218504E-02      7.545940102664E-02      7.110649356303E-02      6.738277867205E-02      3.746570787262E-01
     -1.650000000000E+00      2.379745627478E-01      1.486154273199E-01      1.160601284212E-01      9.931301970139E-02      8.877078228649E-02      8.125840278861E-02      7.547132128891E-02      7.078328893632E-02      6.685535052655E-02      6.348566652464E-02      3.636517242563E-01
     -1.600000000000E+00      2.253271674834E-01      1.378704610972E-01      1.073290087926E-01      9.201088804593E-02      8.249381757121E-02      7.574898272387E-02      7.055925151597E-02      6.635051377958E-02      6.281629332500E-02      5.977604218526E-02      3.528507754412E-01
     -1.550000000000E+00      2.130815289713E-01      1.276960603550E-01      9.911495525366E-02      8.513599186470E-02      7.656372674878E-02      7.052284809737E-02      6.588180101889E-02      6.211525501081E-02      5.894623083559E-02      5.621318493107E-02      3.421839224851E-01
     -1.500000000000E+00      2.011944955319E-01      1.180487705302E-01      9.137338324690E-02      7.864650890965E-02      7.094266259177E-02      6.554578003992E-02      6.140760233550E-02      5.804828601013E-02      5.521756576885E-02      5.277080050164E-02      3.316030164462E-01
     -1.450000000000E+00      1.896396282257E-01      1.088987334768E-01      8.407215746841E-02      7.251289675374E-02      6.560492809366E-02      6.079541988912E-02      5.711671839738E-02      5.413129115435E-02      5.161304209741E-02      4.943234398627E-02      3.210739964706E-01
     -1.400000000000E+00      1.784010064743E-01      1.002239106804E-01      7.718653573345E-02      6.671322066184E-02      6.053255828986E-02      5.625711088051E-02      5.299678156959E-02      5.035332576719E-02      4.812252657386E-02      4.618810519889E-02      3.105721190501E-01
     -1.350000000000E+00      1.674694786097E-01      9.200676883013E-02      7.069626901197E-02      6.123036983039E-02      5.571258223933E-02      5.192124353968E-02      4.904047642024E-02      4.670847471017E-02      4.474086185028E-02      4.303325900637E-02      3.000790035184E-01
     -1.300000000000E+00      1.568403250110E-01      8.423235448823E-02      6.458390892530E-02      5.605035062200E-02      5.113526918875E-02      4.778150016491E-02      4.524383354649E-02      4.319423348000E-02      4.146635902961E-02      3.996648224799E-02      2.895807314874E-01
     -1.250000000000E+00      1.465117699644E-01      7.688717439616E-02      5.883381063642E-02      5.116121788660E-02      4.679297944974E-02      4.383366706702E-02      4.160504338321E-02      3.981035429054E-02      3.829969900154E-02      3.698892699592E-02      2.790665846950E-01
     -1.200000000000E+00      1.364840198030E-01      6.995855149288E-02      5.343154388921E-02      4.655239585023E-02      4.267940124715E-02      4.007482113773E-02      3.812362004648E-02      3.655800865459E-02      3.524311234075E-02      3.410343414223E-02      2.685281835482E-01
     -1.150000000000E+00      1.267586360391E-01      6.343426454421E-02      4.836354638510E-02      4.221424253883E-02      3.878904129377E-02      3.650277136992E-02      3.479980979456E-02      3.343917539958E-02      3.229975994445E-02      3.131392042948E-02      2.579588848723E-01
     -1.100000000000E+00      1.173381265901E-01      5.730235711142E-02      4.361692175338E-02      3.813776926810E-02      3.511688583561E-02      3.311567805584E-02      3.163417507427E-02      3.045619480422E-02      2.947326493084E-02      2.862489824440E-02      2.473533518082E-01
     -1.050000000000E+00      1.082256819240E-01      5.155104686458E-02      3.917932363827E-02      3.431446022819E-02      3.165817795026E-02      2.991179763240E-02      2.862730679530E-02      2.761144798209E-02      2.676736216653E-02      2.604110161991E-02      2.367072407340E-01
     -1.000000000000E+00      9.942500945441E-02      4.616869320178E-02      3.503889058786E-02      3.073615728159E-02      2.840827480922E-02      2.688931703784E-02      2.577963110152E-02      2.490713192394E-02      2.418564100207E-02      2.356719956269E-02      2.260169694316E-01
     -9.500000000000E-01      9.094023603009E-02      4.114379747723E-02      3.118421033086E-02      2.739498746014E-02      2.536256009502E-02      2.404625190351E-02      2.309128593023E-02      2.234510793462E-02      2.173136244641E-02      2.120758207922E-02      2.152795427363E-01
     -9.000000000000E-01      8.277585891792E-02      3.646502017337E-02      2.760430046978E-02      2.428331842714E-02      2.251639434031E-02      2.138039004397E-02      2.056204890289E-02      1.992680624322E-02      1.940733573524E-02      1.896620676537E-02      2.044924195792E-01
     -8.500000000000E-01      7.493673262561E-02      3.212120557109E-02      2.428859779475E-02      2.139373216291E-02      1.986509109254E-02      1.888926673451E-02      1.819130259902E-02      1.765317324196E-02      1.721584192277E-02      1.684649546097E-02      1.936534103080E-01
     -8.000000000000E-01      6.742808362905E-02      2.810140834519E-02      2.122695160739E-02      1.871901038803E-02      1.740391036157E-02      1.657016188346E-02      1.597802661426E-02      1.552465061725E-02      1.515859420578E-02      1.485127172065E-02      1.827605964854E-01
     -7.500000000000E-01      6.025554844264E-02      2.439491892260E-02      1.840961840441E-02      1.625212738791E-02      1.512806330438E-02      1.442011185358E-02      1.392080834325E-02      1.354117785173E-02      1.323672640665E-02      1.298273094234E-02      1.718122675939E-01
     -7.000000000000E-01      5.342523306114E-02      2.099128593849E-02      1.582725647372E-02      1.398624734195E-02      1.303272387970E-02      1.243593064736E-02      1.201786638358E-02      1.170221136391E-02      1.145080251494E-02      1.124243602398E-02      1.608068706097E-01
     -6.500000000000E-01      4.694379402343E-02      1.788033504078E-02      1.347091968386E-02      1.191472422832E-02      1.111304447858E-02      1.061423662801E-02      1.026708197035E-02      1.000675500555E-02      9.800841465372E-03      9.631332407451E-03      1.497429694784E-01
     -6.000000000000E-01      4.081854354508E-02      1.505218384535E-02      1.133205018237E-02      1.003110303373E-02      9.364173455426E-03      8.951482037910E-03      8.666035027868E-03      8.453397824590E-03      8.286352443592E-03      8.149777314478E-03      1.386192122796E-01
     -5.500000000000E-01      3.505758370430E-02      1.249725316297E-02      9.402469968030E-03      8.329121445041E-03      7.781273146032E-03      7.443983387614E-03      7.212042337143E-03      7.040355966568E-03      6.906376970231E-03      6.797578862860E-03      1.274343044137E-01
     -5.000000000000E-01      2.966997802028E-02      1.020627479123E-02      7.674371437326E-03      6.802711503768E-03      6.359537435161E-03      6.087951392371E-03      5.902196022201E-03      5.765516367014E-03      5.659534831516E-03      5.574041556778E-03      1.161869865344E-01
     -4.500000000000E-01      2.466597368439E-02      8.170296248097E-03      6.140307072432E-03      5.446000912455E-03      5.094208279167E-03      4.879519579981E-03      4.733401099955E-03      4.626480512714E-03      4.544071612049E-03      4.478015362702E-03      1.048760162448E-01
     -4.000000000000E-01      2.005729552390E-02      6.380682850675E-03      4.793178462108E-03      4.253313821916E-03      3.980590832171E-03      3.814771021609E-03      3.702411250071E-03      3.620607044401E-03      3.557906153582E-03      3.507946204951E-03      9.350015278790E-02
     -3.500000000000E-01      1.585754606375E-02      4.829117535688E-03      3.626224846304E-03      3.219171020900E-03      3.014066995010E-03      2.889762873979E-03      2.805862270712E-03      2.745052360200E-03      2.698676725645E-03      2.661926243241E-03      8.205814412760E-02
     -3.000000000000E-01      1.208277016213E-02      3.507598795706E-03      2.633011363425E-03      2.338289512321E-03      2.190107325857E-03      2.100548592497E-03      2.040302917569E-03      1.996808679231E-03      1.963785065471E-03      1.937742735406E-03      7.054871593838E-02
     -2.500000000000E-01      8.752289872874E-03      2.408437070119E-03      1.807417158484E-03      1.605581498197E-03      1.504281330653E-03      1.443197792976E-03      1.402222991214E-03      1.372739251229E-03      1.350437735734E-03      1.332924646048E-03      5.897056211716E-02
     -2.000000000000E-01      5.890016440687E-03      1.524249894060E-03      1.143623489504E-03      1.016152820070E-03      9.522662047665E-04      9.138138217741E-04      8.880786592980E-04      8.696105685870E-04      8.556844752325E-04      8.447864489796E-04      4.732233650371E-02
     -1.500000000000E-01      3.526692150283E-03      8.479560704471E-04      6.361019471237E-04      5.653009145550E-04      5.298541292631E-04      5.085491469670E-04      4.943150837682E-04      4.841215607732E-04      4.764533885333E-04      4.704687951289E-04      3.560264555422E-02
     -1.000000000000E-01      1.704227268655E-03      3.727690946702E-04      2.796028818790E-04      2.485123497826E-04      2.329582433491E-04      2.236187159332E-04      2.173864794934E-04      2.129298391513E-04      2.095829474675E-04      2.069758891987E-04      2.381004175556E-02
     -5.000000000000E-02      4.860619716927E-04      9.219002983230E-05      6.914411603498E-05      6.146001081975E-05      5.761742342747E-05      5.531144329485E-05      5.377376681404E-05      5.267512101037E-05      5.185086939585E-05      5.120954725557E-05      1.194301760412E-02
      0.000000000000E+00      5.773159728051E-15     -5.773159728051E-15     -3.996802888651E-15     -3.552713678801E-15     -3.552713678801E-15     -3.108624468950E-15     -3.108624468950E-15     -3.108624468950E-15     -3.108624468950E-15     -3.108624468950E-15      1.478817068801E-13
      5.000000000000E-02      4.772555046317E-04      9.025244369543E-05      6.769086014558E-05      6.016831530742E-05      5.640654092876E-05      5.414907485379E-05      5.264376295067E-05      5.156825344876E-05      5.076137046212E-05      5.013357183259E-05      1.185911556345E-02
      1.000000000000E-01      1.644489863307E-03      3.572652467883E-04      2.679728730035E-04      2.381773653739E-04      2.232718232498E-04      2.143222747080E-04      2.083507241721E-04      2.040808878219E-04      2.008746237467E-04      1.983774086622E-04      2.348007053059E-02
      1.500000000000E-01      3.346150846753E-03      7.956128552382E-04      5.968283918811E-04      5.304123753995E-04      4.971661084920E-04      4.771878220176E-04      4.638435390216E-04      4.542901264672E-04      4.471060178335E-04      4.415014539401E-04      3.487249542759E-02
      2.000000000000E-01      5.497338332306E-03      1.400118450340E-03      1.050456743362E-03      9.334277326629E-04      8.747958270923E-04      8.395231978815E-04      8.159302783834E-04      7.990115395002E-04      7.862642166625E-04      7.762978850931E-04      4.604546050473E-02
      2.500000000000E-01      8.038484605089E-03      2.165846256237E-03      1.625265505917E-03      1.443943316376E-03      1.353003769387E-03      1.298218868580E-03      1.261511553255E-03      1.235134508669E-03      1.215214077329E-03      1.199598227199E-03      5.700752183453E-02
      3.000000000000E-01      1.092389917827E-02      3.088094036939E-03      2.317862277567E-03      2.058840851740E-03      1.928768871461E-03      1.850281222067E-03      1.797586492700E-03      1.759631209286E-03      1.730888634280E-03      1.708288357523E-03      6.776676289054E-02
      3.500000000000E-01      1.411680029025E-02      4.162385830362E-03      3.125046936013E-03      2.775160324095E-03      2.599205675845E-03      2.492834829964E-03      2.421257720576E-03      2.369564279552E-03      2.330299471085E-03      2.299321607238E-03      7.833083214828E-02
      4.000000000000E-01      1.758666088109E-02      5.384464958857E-03      4.043804392067E-03      3.590096485532E-03      3.361563539314E-03      3.223124140102E-03      3.129735464403E-03      3.062093335060E-03      3.010545658391E-03      2.969730156199E-03      8.870697717800E-02
      4.500000000000E-01      2.130760758022E-02      6.750287349044E-03      5.071297835483E-03      4.500995483156E-03      4.213225652872E-03      4.038514694812E-03      3.920340918073E-03      3.834480473653E-03      3.768821423838E-03      3.716634904440E-03      9.890207563720E-02
      5.000000000000E-01      2.525737340288E-02      8.256015188757E-03      6.204862471366E-03      5.505351635733E-03      5.151707932783E-03      4.936493961195E-03      4.790508969167E-03      4.684094903598E-03      4.602422706898E-03      4.537253991099E-03      1.089226635203E-01
      5.500000000000E-01      2.941657169572E-02      9.898010943831E-03      7.441999744361E-03      6.600804382702E-03      6.174657835303E-03      5.914671850918E-03      5.737790390995E-03      5.608416815872E-03      5.508752738363E-03      5.428910117722E-03      1.187749609771E-01
      6.000000000000E-01      3.376817034679E-02      1.167283175529E-02      8.780372048538E-03      7.785135428431E-03      7.279853143399E-03      6.970781000232E-03      6.759853590612E-03      6.605040610961E-03      6.485326772655E-03      6.389036820500E-03      1.284648959738E-01
      6.500000000000E-01      3.829709790141E-02      1.357722423438E-02      1.021779792099E-02      9.056266102793E-03      8.465200769116E-03      8.102676874036E-03      7.854485995310E-03      7.671677580197E-03      7.529776089423E-03      7.415183823210E-03      1.379981260383E-01
      7.000000000000E-01      4.298994042999E-02      1.560811967118E-02      1.175224771797E-02      1.041225495827E-02      9.728735611620E-03      9.308337752102E-03      9.019595152534E-03      8.806158132570E-03      8.639851370518E-03      8.505021591210E-03      1.473800583027E-01
      7.500000000000E-01      4.783470308553E-02      1.776262967163E-02      1.338183977365E-02      1.185129562319E-02      1.106861950804E-02      1.058586465073E-02      1.025320961166E-02      1.000643364990E-02      9.813425549035E-03      9.656345196306E-03      1.566158680309E-01
      8.000000000000E-01      5.282061914871E-02      2.003804223677E-02      1.510483704284E-02      1.337171493037E-02      1.248314031175E-02      1.193348122885E-02      1.155347965021E-02      1.127057804609E-02      1.104849621873E-02      1.086707759283E-02      1.657105157976E-01
      8.500000000000E-01      5.793799480953E-02      2.243181829789E-02      1.691964423059E-02      1.497197134042E-02      1.397071113080E-02      1.334953372410E-02      1.291867790219E-02      1.259678909978E-02      1.234318768462E-02      1.213527239678E-02      1.746687634693E-01
      9.000000000000E-01      6.317808141741E-02      2.494158872079E-02      1.882480541298E-02      1.665065367913E-02      1.552986975761E-02      1.483249096130E-02      1.434719994185E-02      1.398338962454E-02      1.369575272912E-02      1.345911625255E-02      1.834951891152E-01
      9.500000000000E-01      6.853296923895E-02      2.756515179261E-02      2.081900215525E-02      1.840648020861E-02      1.715927832006E-02      1.638094447372E-02      1.583756487285E-02      1.542882853586E-02      1.510457416265E-02      1.483693086536E-02      1.921942009668E-01
      1.000000000000E+00      7.399549832823E-02      3.030047120452E-02      2.290105213482E-02      2.023829805255E-02      1.885772318329E-02      1.799360877523E-02      1.738841596974E-02      1.693168187060E-02      1.656816622268E-02      1.626717477208E-02      2.007700505290E-01
      1.050000000000E+00      7.955918320765E-02      3.314567454313E-02      2.506990827816E-02      2.214508299611E-02      2.062411513086E-02      1.966932182016E-02      1.899852141624E-02      1.849065381116E-02      1.808517588149E-02      1.774844491864E-02      2.092268449309E-01
      1.100000000000E+00      8.521814883560E-02      3.609905230277E-02      2.732465842130E-02      2.412593968138E-02      2.245748985333E-02      2.140704568621E-02      2.066677518273E-02      2.010457776379E-02      1.965438411938E-02      1.927947810812E-02      2.175685585958E-01
      1.150000000000E+00      9.096707590044E-02      3.915905742950E-02      2.966452550432E-02      2.618010221940E-02      2.435700877192E-02      2.320586751456E-02      2.239219808371E-02      2.177241753841E-02      2.127470721717E-02      2.085915238056E-02      2.257990442948E-01
      1.200000000000E+00      9.680115389643E-02      4.232430540517E-02      3.208886831000E-02      2.830693523912E-02      2.632196022404E-02      2.506500074028E-02      2.417393905403E-02      2.349326867479E-02      2.294519811948E-02      2.248648838272E-02      2.339220436377E-01
      1.250000000000E+00      1.027160407433E-01      4.559357487550E-02      3.459718275470E-02      3.050593539244E-02      2.835176103576E-02      2.698378664414E-02      2.601127668098E-02      2.526635995799E-02      2.466504791760E-02      2.416065078292E-02      2.419411970401E-01
      1.300000000000E+00      1.087078279441E-01      4.896580882062E-02      3.718910373705E-02      3.277673333195E-02      3.044595850460E-02      2.896169625497E-02      2.790362102695E-02      2.709105516346E-02      2.643358749834E-02      2.588094978397E-02      2.498600531922E-01
      1.350000000000E+00      1.147730104465E-01      5.244011625773E-02      3.986440754469E-02      3.511909617404E-02      3.260423281239E-02      3.099833262882E-02      2.985051577463E-02      2.896685506924E-02      2.825028940209E-02      2.764684278368E-02      2.576820780370E-01
      1.400000000000E+00      1.209084605017E-01      5.601577445258E-02      4.262301481068E-02      3.753293045348E-02      3.482639988231E-02      3.309343352580E-02      3.185164072169E-02      3.089339976839E-02      3.011476992934E-02      2.945793622864E-02      2.654106632470E-01
      1.450000000000E+00      1.271114049039E-01      5.969223160070E-02      4.546499400069E-02      4.001828556699E-02      3.711241468770E-02      3.524687449995E-02      3.390681464717E-02      3.287047130965E-02      3.202679152982E-02      3.131398770192E-02      2.730491341639E-01
      1.500000000000E+00      1.333794050590E-01      6.346910991530E-02      4.839056539414E-02      4.257535768929E-02      3.946237500807E-02      3.745867240703E-02      3.601599856185E-02      3.489799668593E-02      3.398626550049E-02      3.321490827800E-02      2.806007571416E-01
      1.550000000000E+00      1.397103393615E-01      6.734620902915E-02      5.140010550104E-02      4.520449412780E-02      4.187652561365E-02      3.972898932275E-02      3.817929934445E-02      3.697605117988E-02      3.599325500881E-02      3.516076516847E-02      2.880687461964E-01
      1.600000000000E+00      1.461023873748E-01      7.132350957783E-02      5.449415182506E-02      4.790619805696E-02      4.435526283846E-02      4.205813684534E-02      4.039697374807E-02      3.910486206001E-02      3.804797844321E-02      3.715178466815E-02      2.954562688316E-01
      1.650000000000E+00      1.525540152968E-01      7.540117678096E-02      5.767340784425E-02      5.068113354090E-02      4.689913947489E-02      4.444658073270E-02      4.266943274035E-02      4.128481260154E-02      4.015081307334E-02      3.918835539304E-02      3.027664508573E-01
      1.700000000000E+00      1.590639621610E-01      7.957956377258E-02      6.093874802824E-02      5.353013070993E-02      4.950886988544E-02      4.689494579152E-02      4.499724611071E-02      4.351644637749E-02      4.230229897693E-02      4.127103177601E-02      3.100023799690E-01
      1.750000000000E+00      1.656312261667E-01      8.385921435119E-02      6.429122264555E-02      5.645419090164E-02      5.218533518060E-02      4.940402089405E-02      4.738114723992E-02      4.580047173053E-02      4.450314315520E-02      4.340053775286E-02      3.171671077886E-01
      1.800000000000E+00      1.722550504558E-01      8.824086471888E-02      6.773206203131E-02      5.945449150702E-02      5.492958825073E-02      5.197476394384E-02      4.982203787733E-02      4.813776628869E-02      4.675422371436E-02      4.557777052798E-02      3.242636499921E-01
      1.850000000000E+00      1.789349075526E-01      9.272544365752E-02      7.126267988386E-02      6.253239017539E-02      5.774285836391E-02      5.460830654315E-02      5.232099270767E-02      5.052938132811E-02      4.905659393277E-02      4.780380425272E-02      3.312949840710E-01
      1.900000000000E+00      1.856704815596E-01      9.731407044332E-02      7.488467503363E-02      6.568942792396E-02      6.062655494673E-02      5.730595802903E-02      5.487926340953E-02      5.297654571048E-02      5.141148596029E-02      5.007989337795E-02      3.382640441789E-01
      1.950000000000E+00      1.924616470641E-01      1.020080496322E-01      7.859983098103E-02      6.892733057004E-02      6.358227005107E-02      6.006920844069E-02      5.749828181005E-02      5.548066902958E-02      5.382031380663E-02      5.240747535486E-02      3.451737124200E-01
      2.000000000000E+00      1.993084435514E-01      1.068088616530E-01      8.241011232674E-02      7.224800775073E-02      6.661177887243E-02      6.289972985452E-02      6.017966162180E-02      5.804334348753E-02      5.628467516431E-02      5.478817224907E-02      3.520268058383E-01


 Calculation finished at  2022-???