# M=100, N=50, Vp=0.0, t=1.0, n=1, Vstart=-2.0, Vstop=2.0, Vnum=81, PBC
# start time 2022-02-20 08:01:11
#                       V#                 S₁(n=1)#                 S₂(n=1)                 S₃(n=1)#                 S₄(n=1)#                 S₅(n=1)#                 S₆(n=1)#                 S₇(n=1)#                 S₈(n=1)#                 S₉(n=1)#                S₁₀(n=1)#               S₀₋₅(n=1)
     -5.000000000000E-02      5.041399449306E-04      9.636580722727E-05      7.227609672622E-05      6.424361059620E-05      6.022668905326E-05      5.781599354293E-05      5.620841109044E-05      5.505975041897E-05      5.419791589301E-05      5.352729882313E-05      1.210425683236E-02
     -1.000000000000E-01      1.765812340009E-03      3.897273969695E-04      2.923240340245E-04      2.598137220446E-04      2.435473531524E-04      2.337785747706E-04      2.272585943848E-04      2.225950723416E-04      2.190918388130E-04      2.163621327820E-04      2.412935760327E-02
     -1.500000000000E-01      3.651449730603E-03      8.866689768912E-04      6.651492289582E-04      5.910877745374E-04      5.539983871459E-04      5.316979844658E-04      5.167921069775E-04      5.061117004432E-04      4.980722377268E-04      4.917934259576E-04      3.607672110784E-02
     -2.000000000000E-01      6.094625086316E-03      1.594025324377E-03      1.195995922012E-03      1.062598956083E-03      9.957088033112E-04      9.554223019483E-04      9.284378205243E-04      9.090546581687E-04      8.944224642513E-04      8.829577104752E-04      4.794766924886E-02
     -2.500000000000E-01      9.051314457849E-03      2.518882058782E-03      1.890353189047E-03      1.679033578464E-03      1.572889778959E-03      1.508819990921E-03      1.465787989603E-03      1.434778239572E-03      1.411282971862E-03      1.392797869300E-03      5.974344968376E-02
     -3.000000000000E-01      1.248907676504E-02      3.668574340889E-03      2.753960400003E-03      2.445227493584E-03      2.289822562475E-03      2.195760307141E-03      2.132371850494E-03      2.086513340166E-03      2.051612844101E-03      2.024019283954E-03      7.146523924793E-02
     -3.500000000000E-01      1.638252409199E-02      5.050683791620E-03      3.792812018604E-03      3.366161521297E-03      3.150844704092E-03      3.020091562413E-03      2.931626813486E-03      2.867332305257E-03      2.818148939677E-03      2.779043866105E-03      8.311414884923E-02
     -4.000000000000E-01      2.071097901579E-02      6.673033558513E-03      5.013161741535E-03      4.446955982188E-03      4.160334712556E-03      3.985617389990E-03      3.866867485486E-03      3.780111667107E-03      3.713363198631E-03      3.659962724511E-03      9.469123035346E-02
     -4.500000000000E-01      2.545710144405E-02      8.543680813155E-03      6.421525491160E-03      5.692864039097E-03      5.322694904828E-03      5.096070865793E-03      4.941252513228E-03      4.827492941462E-03      4.739418499542E-03      4.668488110800E-03      1.061974828379E-01
     -5.000000000000E-01      3.060601258952E-02      1.067090627855E-02      8.024683011701E-03      7.109263809715E-03      6.642332498368E-03      6.355086647114E-03      6.157749576832E-03      6.011842030846E-03      5.898123873860E-03      5.805905742045E-03      1.176338602142E-01
     -5.500000000000E-01      3.614470168983E-02      1.306320114387E-02      9.829678388744E-03      8.701649767952E-03      8.123639558024E-03      7.766171864797E-03      7.519099459271E-03      7.335208404502E-03      7.190890533072E-03      7.073029271063E-03      1.290012819767E-01
     -6.000000000000E-01      4.206160280192E-02      1.572924973019E-02      1.184381830743E-02      1.047562270223E-02      9.770971319863E-03      9.332675526569E-03      9.027779231892E-03      8.799284420393E-03      8.618689428225E-03      8.470157992711E-03      1.403006437810E-01
     -6.500000000000E-01      4.834628254188E-02      1.867790830894E-02      1.407466839031E-02      1.243687891916E-02      1.158862380952E-02      1.105775757295E-02      1.068596597919E-02      1.040536653979E-02      1.018201244260E-02      9.997040238887E-03      1.515328311755E-01
     -7.000000000000E-01      5.498920260748E-02      2.191817943171E-02      1.653004716912E-02      1.459119879205E-02      1.358081123280E-02      1.294435838749E-02      1.249550222155E-02      1.215431997542E-02      1.188083914010E-02      1.165284474001E-02      1.626987376368E-01
     -7.500000000000E-01      6.198153463863E-02      2.545918116451E-02      1.921801725119E-02      1.694443486844E-02      1.575164384353E-02      1.499516986013E-02      1.445786453386E-02      1.404654867075E-02      1.371461133595E-02      1.343614252757E-02      1.737992835277E-01
     -8.000000000000E-01      6.931501526912E-02      2.931011172340E-02      2.214687407169E-02      1.950250060064E-02      1.810510791859E-02      1.721261006646E-02      1.657413782643E-02      1.608197344853E-02      1.568221863200E-02      1.534490272047E-02      1.848354433211E-01
     -8.500000000000E-01      7.698183145123E-02      3.348020877828E-02      2.532513167846E-02      2.227136008086E-02      2.064504901537E-02      1.959880330255E-02      1.884499748749E-02      1.826002089579E-02      1.778199772611E-02      1.737650508885E-02      1.958082775125E-01
     -9.000000000000E-01      8.497453165420E-02      3.797870389341E-02      2.876150588505E-02      2.525702010859E-02      2.337516076737E-02      2.215556835813E-02      2.127070270983E-02      2.057962658639E-02      2.001174918904E-02      1.952777296453E-02      2.067189726909E-01
     -9.500000000000E-01      9.328596289907E-02      4.281477469088E-02      3.246489675621E-02      2.846552738607E-02      2.629898292315E-02      2.488441928470E-02      2.385110553410E-02      2.303925721756E-02      2.236877608330E-02      2.179503041152E-02      2.175688953680E-01
     -1.000000000000E+00      1.019092307408E-01      4.799749441484E-02      3.644437016689E-02      3.190297204681E-02      2.941991128181E-02      2.778658219983E-02      2.658567956651E-02      2.563695565872E-02      2.484994811825E-02      2.417418672154E-02      2.283596542888E-01
     -1.050000000000E+00      1.108376894376E-01      5.353578527263E-02      4.070914332021E-02      3.557550301428E-02      3.274122600111E-02      3.086303505050E-02      2.947357518985E-02      2.837041518890E-02      2.745179670738E-02      2.666085238075E-02      2.390931891252E-01
     -1.100000000000E+00      1.200649649605E-01      5.943837932786E-02      4.526857725099E-02      3.948935942662E-02      3.626614401682E-02      3.411457683408E-02      3.251370773276E-02      3.123708875142E-02      3.017064567466E-02      2.925048985779E-02      2.497718786381E-01
     -1.150000000000E+00      1.295850240812E-01      6.571379834981E-02      5.013218529582E-02      4.365092728426E-02      3.999790562400E-02      3.754193653862E-02      3.570488818812E-02      3.423434148858E-02      3.300278413131E-02      3.193860378254E-02      2.603986861831E-01
     -1.200000000000E+00      1.393923060794E-01      7.237036861914E-02      5.530967049548E-02      4.806683375531E-02      4.393990807924E-02      4.114593445292E-02      3.904600796054E-02      3.735965617722E-02      3.594468894224E-02      3.472097567967E-02      2.709773550378E-01
     -1.250000000000E+00      1.494819374489E-01      7.941629095915E-02      6.081100862714E-02      5.274409469105E-02      4.809590176860E-02      4.492771083035E-02      4.253629106431E-02      4.061090273706E-02      3.899330547316E-02      3.759394960463E-02      2.815126650388E-01
     -1.300000000000E+00      1.598500720288E-01      8.685980727526E-02      6.664661097846E-02      5.769034504436E-02      5.247027617566E-02      4.888904675959E-02      4.617563561388E-02      4.398669024938E-02      4.214640173685E-02      4.055478095563E-02      2.920107876094E-01
     -1.350000000000E+00      1.704944095522E-01      9.470951842603E-02      7.282761316204E-02      6.291419153163E-02      5.706847030574E-02      5.303280795166E-02      4.996507127759E-02      4.748682414231E-02      4.540301503796E-02      4.360206480530E-02      3.024797744822E-01
     -1.400000000000E+00      1.814149773714E-01      1.029749408242E-01      7.936636458261E-02      6.842575031334E-02      6.189756158264E-02      5.736355862705E-02      5.390737395497E-02      5.111290462122E-02      4.876402297200E-02      4.673627251644E-02      3.129302469907E-01
     -1.450000000000E+00      1.926153110727E-01      1.116674444643E-01      8.627724147727E-02      7.423747241507E-02      6.696712005041E-02      6.188842033734E-02      5.800790317511E-02      5.486912448182E-02      5.223289128180E-02      4.996044505803E-02      3.233763770664E-01
     -1.500000000000E+00      2.041042453822E-01      1.208017944550E-01      9.357797738725E-02      8.036541897184E-02      7.229046378377E-02      6.661829198991E-02      6.227576403002E-02      5.876335742854E-02      5.581668176562E-02      5.328112031695E-02      3.338373270541E-01
     -1.550000000000E+00      2.158986726932E-01      1.303986694700E-01      1.012918393003E-01      8.683126377949E-02      7.788655032793E-02      7.156963355493E-02      6.672547245784E-02      6.280869830979E-02      5.952746847133E-02      5.670963221017E-02      3.443394138522E-01
     -1.600000000000E+00      2.280278658976E-01      1.404887863936E-01      1.094512081368E-01      9.366549932529E-02      8.378290938537E-02      7.676716364149E-02      7.137943296093E-02      6.702573347985E-02      6.338441635488E-02      6.026401612027E-02      3.549194408739E-01
     -1.650000000000E+00      2.405404547887E-01      1.511197584174E-01      1.181035696627E-01      1.009127147822E-01      9.002036594176E-02      8.224812520122E-02      7.627180959427E-02      7.144606493096E-02      6.741700014305E-02      6.397196012305E-02      3.656300417804E-01
     -1.700000000000E+00      2.535161397507E-01      1.623678345737E-01      1.273218431106E-01      1.086406267295E-01      9.666101953003E-02      8.806940965336E-02      8.145494007018E-02      7.611812492274E-02      7.167030727144E-02      6.787566790593E-02      3.765486503562E-01
     -1.750000000000E+00      2.670865069507E-01      1.743589795304E-01      1.372230586475E-01      1.169563878537E-01      1.038025807794E-01      9.432028889335E-02      8.701075387231E-02      8.111750420412E-02      7.621444996079E-02      7.204049149049E-02      3.877935046778E-01
     -1.800000000000E+00      2.814752151490E-01      1.873096866239E-01      1.480047495267E-01      1.260384544267E-01      1.116064008370E-01      1.011473004197E-01      9.307308266578E-02      8.656713383875E-02      8.116296558618E-02      7.657182238744E-02      3.995548454254E-01
     -1.850000000000E+00      2.970859246558E-01      2.016161037183E-01      1.600248132031E-01      1.362068422538E-01      1.203594863838E-01      1.088094546081E-01      9.987726069003E-02      9.268223329509E-02      8.671386370498E-02      8.165283155157E-02      4.121639042154E-01
     -1.900000000000E+00      3.147375816046E-01      2.180913343642E-01      1.740147821783E-01      1.481116133314E-01      1.306416241839E-01      1.178276006118E-01      1.078947733502E-01      9.989268082129E-02      9.326165532366E-02      8.764770167451E-02      4.262796911822E-01
     -1.950000000000E+00      3.365734041985E-01      2.388779113596E-01      1.919008317562E-01      1.634607439054E-01      1.439730141581E-01      1.295651678968E-01      1.183583452895E-01      1.093214784729E-01      1.018363912156E-01      9.550699732004E-02      4.436179226531E-01
     -2.000000000000E+00      3.744530810690E-01      2.758855820204E-01      2.244346035896E-01      1.918245301116E-01      1.689020512562E-01      1.517143419514E-01      1.382442031750E-01      1.273421794610E-01      1.182996873771E-01      1.106533607013E-01      4.737399774456E-01
      0.000000000000E+00      1.374890867822E-09      1.155480156001E-10      8.666090067777E-11      7.703215842980E-11      7.221778730582E-11      6.932898699574E-11      6.740297209262E-11      6.602762780972E-11      6.499600857524E-11      6.419309528383E-11      1.203732916455E-05
      5.000000000000E-02      4.948162756522E-04      9.429559735841E-05      7.072336530944E-05      6.286351596740E-05      5.893295448711E-05      5.657410833404E-05      5.500111988033E-05      5.387719300254E-05      5.303392963674E-05      5.237777530409E-05      1.201736875706E-02
      1.000000000000E-01      1.702675129814E-03      3.731646227574E-04      2.798995832847E-04      2.487733202678E-04      2.332003108543E-04      2.238486140298E-04      2.176075757689E-04      2.131440586286E-04      2.097914938863E-04      2.071795655847E-04      2.378780707766E-02
      1.500000000000E-01      3.460896976691E-03      8.307636078144E-04      6.232021841051E-04      5.538285042834E-04      5.190931617682E-04      4.982132756930E-04      4.842611425704E-04      4.742677465126E-04      4.667485795609E-04      4.608789150606E-04      3.532133678633E-02
      2.000000000000E-01      5.680690722433E-03      1.461489350195E-03      1.096517894082E-03      9.742877861685E-04      9.130239836761E-04      8.761473566992E-04      8.514644505904E-04      8.337494980255E-04      8.203896152232E-04      8.099331999820E-04      4.662738518599E-02
      2.500000000000E-01      8.299769155677E-03      2.259974912510E-03      1.695940283216E-03      1.506569218750E-03      1.411531136379E-03      1.354228631686E-03      1.315794402719E-03      1.288142457033E-03      1.267229797737E-03      1.250810314871E-03      5.771485002711E-02
      3.000000000000E-01      1.127036861092E-02      3.221085232795E-03      2.417763497010E-03      2.147249477539E-03      2.011282453570E-03      1.929141041652E-03      1.873913831234E-03      1.834067336769E-03      1.803834812734E-03      1.780012509274E-03      6.859214069573E-02
      3.500000000000E-01      1.455405143576E-02      4.339912357540E-03      3.258476048795E-03      2.893062732320E-03      2.709077971711E-03      2.597681074015E-03      2.522581488770E-03      2.468226045691E-03      2.426838150568E-03      2.394097465659E-03      7.926721553465E-02
      4.000000000000E-01      1.811892973728E-02      5.611770811501E-03      4.214755029604E-03      3.740899445489E-03      3.501852159869E-03      3.356763246000E-03      3.258660763236E-03      3.187413668111E-03      3.132956413485E-03      3.089697007660E-03      8.974761759700E-02
      4.500000000000E-01      2.193798973441E-02      7.032192639543E-03      5.283460360157E-03      4.687804793145E-03      4.386675406441E-03      4.203424489386E-03      4.079126946041E-03      3.988528651997E-03      3.919002482140E-03      3.863533315626E-03      1.000405054077E-01
      5.000000000000E-01      2.598799552018E-02      8.596922546224E-03      6.461629380700E-03      5.730977000519E-03      5.360755072822E-03      5.134827764398E-03      4.981073397325E-03      4.868581560892E-03      4.781896908462E-03      4.712433022953E-03      1.101526818341E-01
      5.500000000000E-01      3.024872936730E-02      1.030191338647E-02      7.746471948266E-03      6.867765768234E-03      6.421436310712E-03      6.148265118038E-03      5.961716840110E-03      5.824702636326E-03      5.718677793175E-03      5.633339460737E-03      1.200906211853E-01
      6.000000000000E-01      3.470244060680E-02      1.214332135863E-02      9.135365534009E-03      8.095670373598E-03      7.566202291124E-03      7.241159882991E-03      7.018401518694E-03      6.854147939462E-03      6.726508945795E-03      6.623322873900E-03      1.298604926421E-01
      6.500000000000E-01      3.933343334861E-02      1.411750181911E-02      1.062585099575E-02      9.412338065697E-03      8.792674445489E-03      8.411068611860E-03      8.148602815983E-03      7.954304669491E-03      7.802686928770E-03      7.679589215214E-03      1.394681831514E-01
      7.000000000000E-01      4.412774824117E-02      1.622100483359E-02      1.221562834390E-02      1.081556218733E-02      1.009861222551E-02      9.655682309187E-03      9.349929938295E-03      9.122695307718E-03      8.944646671329E-03      8.799487236595E-03      1.489193173562E-01
      7.500000000000E-01      4.907291297234E-02      1.845057161135E-02      1.390255335307E-02      1.230328078799E-02      1.148191310432E-02      1.097282766135E-02      1.062012835442E-02      1.035698126628E-02      1.014996632773E-02      9.980514550603E-03      1.582192772265E-01
      8.000000000000E-01      5.415774192126E-02      2.080313093560E-02      1.568463433954E-02      1.387357516340E-02      1.294061232601E-02      1.236046782662E-02      1.195708159749E-02      1.165496569146E-02      1.141637106835E-02      1.122032238742E-02      1.673732198016E-01
      8.500000000000E-01      5.937217302366E-02      2.327579584079E-02      1.756002928415E-02      1.552466850024E-02      1.447288258745E-02      1.381670297861E-02      1.335881263401E-02      1.301459563857E-02      1.274173603443E-02      1.251671929304E-02      1.763860932955E-01
      9.000000000000E-01      6.470713373350E-02      2.586586084819E-02      1.952704352932E-02      1.725492484508E-02      1.607703386951E-02      1.533977082484E-02      1.482348502902E-02      1.443396385663E-02      1.412408870618E-02      1.386767403187E-02      1.852626527087E-01
      9.500000000000E-01      7.015442958707E-02      2.857079966230E-02      2.158412797133E-02      1.906284835025E-02      1.775151339196E-02      1.692804709473E-02      1.634940392092E-02      1.591131021587E-02      1.556161073693E-02      1.527131776723E-02      1.940074745054E-01
      1.000000000000E+00      7.570665085223E-02      3.138826342821E-02      2.372987782121E-02      2.094708287525E-02      1.949490577472E-02      1.858004608703E-02      1.793501690500E-02      1.744502288768E-02      1.705263937588E-02      1.672594565689E-02      2.026249704274E-01
      1.050000000000E+00      8.135709332305E-02      3.431607920445E-02      2.596303166914E-02      2.290641174139E-02      2.130593324381E-02      2.029442114936E-02      1.957891472882E-02      1.903363920896E-02      1.859566843949E-02      1.823001785269E-02      2.111194004832E-01
      1.100000000000E+00      8.709969183471E-02      3.735224955803E-02      2.828247154334E-02      2.493975823885E-02      2.318345642408E-02      2.206996559442E-02      2.127983227717E-02      2.067584668911E-02      2.018934927597E-02      1.978216033939E-02      2.194948858280E-01
      1.150000000000E+00      9.292896346220E-02      4.049495261090E-02      3.068722345656E-02      2.704618647215E-02      2.512647536163E-02      2.390561374046E-02      2.303664957275E-02      2.237048392123E-02      2.183249151885E-02      2.138116544345E-02      2.277554210526E-01
      1.200000000000E+00      9.883995853403E-02      4.374254235324E-02      3.317645830142E-02      2.922490245244E-02      2.713413071553E-02      2.580044204281E-02      2.484839278423E-02      2.411654141301E-02      2.352406366882E-02      2.302599207492E-02      2.359048855488E-01
      1.250000000000E+00      1.048282197889E-01      4.709355040108E-02      3.574949400209E-02      3.147525621261E-02      2.920570581090E-02      2.775367095015E-02      2.671423583111E-02      2.591316289233E-02      2.526319403168E-02      2.471576620981E-02      2.439470555270E-01
      1.300000000000E+00      1.108897481510E-01      5.054668898684E-02      3.840579877526E-02      3.379674482586E-02      3.134062944591E-02      2.976466738804E-02      2.863350249812E-02      2.775964701107E-02      2.704917194876E-02      2.644978156390E-02      2.518856160565E-01
      1.350000000000E+00      1.170209732677E-01      5.410085433622E-02      4.114499486336E-02      3.618901582701E-02      3.353847904182E-02      3.183294752925E-02      3.060566877870E-02      2.965544922074E-02      2.888144914340E-02      2.822750032922E-02      2.597241726388E-01
      1.400000000000E+00      1.232187292715E-01      5.775513139279E-02      4.396686349316E-02      3.865187168063E-02      3.579898470753E-02      3.395818037043E-02      3.263036592652E-02      3.160018426632E-02      3.075964160329E-02      3.004855437211E-02      2.674662629525E-01
      1.450000000000E+00      1.294802355679E-01      6.150880020959E-02      4.687135132928E-02      4.118527553762E-02      3.812203443965E-02      3.614019232222E-02      3.470738441403E-02      3.359362949274E-02      3.268353219264E-02      3.191274708887E-02      2.751153693286E-01
      1.500000000000E+00      1.358030818175E-01      6.536134376642E-02      4.985857826432E-02      4.378935817172E-02      4.050768037900E-02      3.837897275803E-02      3.683667876489E-02      3.563572895207E-02      3.465307400297E-02      3.382005594963E-02      2.826749316690E-01
      1.550000000000E+00      1.421852174170E-01      6.931245792268E-02      5.292884712796E-02      4.646442659673E-02      4.295614656655E-02      4.067468092128E-02      3.901837362660E-02      3.772659865083E-02      3.666839476058E-02      3.577063603133E-02      2.901483611064E-01
      1.600000000000E+00      1.486249446246E-01      7.336206302003E-02      5.608265497870E-02      4.921097413566E-02      4.546783804293E-02      4.302765409211E-02      4.125277103241E-02      3.986653292864E-02      3.872980232025E-02      3.776482460480E-02      2.975390543661E-01
      1.650000000000E+00      1.551209162868E-01      7.751031831935E-02      5.932070694614E-02      5.202969276317E-02      4.804335200957E-02      4.543841765396E-02      4.354035943109E-02      4.205601249667E-02      4.083779173182E-02      3.980314722815E-02      3.048504095210E-01
      1.700000000000E+00      1.616721375154E-01      8.175763904345E-02      6.264393250650E-02      5.492148766429E-02      5.068349102997E-02      4.790769706518E-02      4.588182451313E-02      4.429571418550E-02      4.299305394980E-02      4.188632543620E-02      3.120858428544E-01
      1.750000000000E+00      1.682779720014E-01      8.610471682258E-02      6.605350488522E-02      5.788749465089E-02      5.338927887896E-02      5.043643231858E-02      4.827806239539E-02      4.658652294645E-02      4.519648671400E-02      4.401528653995E-02      3.192488075758E-01
      1.800000000000E+00      1.749381521120E-01      9.055254322731E-02      6.955086342279E-02      6.092910034113E-02      5.616197898360E-02      5.302579485878E-02      5.073019515547E-02      4.892954611675E-02      4.744920762938E-02      4.619117558148E-02      3.263428136027E-01
      1.850000000000E+00      1.816527927021E-01      9.510243631405E-02      7.313773893866E-02      6.404796528275E-02      5.900311575548E-02      5.567720734731E-02      5.323958917264E-02      5.132613045444E-02      4.975256998712E-02      4.841537001234E-02      3.333714488250E-01
      1.900000000000E+00      1.884224132374E-01      9.975607527313E-02      7.681618622284E-02      6.724605328041E-02      6.191450141287E-02      5.839236836644E-02      5.580787796719E-02      5.377788331478E-02      5.210818243910E-02      5.068949799620E-02      3.403384044461E-01
      1.950000000000E+00      1.952479555634E-01      1.045155311190E-01      8.058861427742E-02      7.052565977122E-02      6.489826278882E-02      6.117327780535E-02      5.843698625053E-02      5.628669544964E-02      5.451793062696E-02      5.301545894085E-02      3.472474961607E-01
      2.000000000000E+00      2.021308117202E-01      1.093833079021E-01      8.445782585832E-02      7.388944834239E-02      6.795687538882E-02      6.402226879580E-02      6.112915995127E-02      5.885476930435E-02      5.698400391024E-02      5.539544880141E-02      3.541026904079E-01


 Calculation finished at  2022-02-26 06:13:02