# M=102, N=51, Vp=0.0, t=1.0, n=1, Vstart=-10.0, Vstop=10.0, Vnum=201, PBC
# start time 2022-02-13 07:09:35
#                       V#                 S₁(n=1)#                 S₂(n=1)                 S₃(n=1)#                 S₄(n=1)#                 S₅(n=1)#                 S₆(n=1)#                 S₇(n=1)#                 S₈(n=1)#                 S₉(n=1)#                S₁₀(n=1)#               S₀₋₅(n=1)
     -1.000000000000E+01      6.924222712328E-01      6.916987976629E-01      6.909777453581E-01      6.902600829660E-01      6.895467552636E-01      6.888386765554E-01      6.881367245888E-01      6.874417350744E-01      6.867544968854E-01      6.860757479879E-01      6.927846084813E-01
     -9.900000000000E+00      6.924231277673E-01      6.917005082465E-01      6.909803038319E-01      6.902634795765E-01      6.895509767796E-01      6.888437064219E-01      6.881425431122E-01      6.874483196369E-01      6.867618221826E-01      6.860837862853E-01      6.927850368277E-01
     -9.800000000000E+00      6.924240088632E-01      6.917022678909E-01      6.909829356939E-01      6.902669736219E-01      6.895553193919E-01      6.888488805597E-01      6.881485285005E-01      6.874550929868E-01      6.867693574361E-01      6.860920548788E-01      6.927854774556E-01
     -9.700000000000E+00      6.924249154396E-01      6.917040784327E-01      6.909856436915E-01      6.902705687501E-01      6.895597876339E-01      6.888542043691E-01      6.881546869977E-01      6.874620621855E-01      6.867771104946E-01      6.861005623716E-01      6.927859308244E-01
     -9.600000000000E+00      6.924258484571E-01      6.917059417911E-01      6.909884306961E-01      6.902742687736E-01      6.895643862436E-01      6.888596834936E-01      6.881610251291E-01      6.874692346122E-01      6.867850895599E-01      6.861093177532E-01      6.927863974144E-01
     -9.500000000000E+00      6.924268089196E-01      6.917078599723E-01      6.909912997094E-01      6.902780776779E-01      6.895691201739E-01      6.888653238329E-01      6.881675497159E-01      6.874766179803E-01      6.867933032049E-01      6.861183304193E-01      6.927868777276E-01
     -9.400000000000E+00      6.924277978770E-01      6.917098350739E-01      6.909942538699E-01      6.902819996299E-01      6.895739946033E-01      6.888711315550E-01      6.881742678895E-01      6.874842203542E-01      6.868017603917E-01      6.861276101918E-01      6.927873722887E-01
     -9.300000000000E+00      6.924288164273E-01      6.917118692898E-01      6.909972964597E-01      6.902860389876E-01      6.895790149476E-01      6.888771131108E-01      6.881811871078E-01      6.874920501665E-01      6.868104704918E-01      6.861371673404E-01      6.927878816467E-01
     -9.200000000000E+00      6.924298657187E-01      6.917139649146E-01      6.910004309121E-01      6.902902003096E-01      6.895841868718E-01      6.888832752473E-01      6.881883151714E-01      6.875001162372E-01      6.868194433062E-01      6.861470126050E-01      6.927884063755E-01
     -9.100000000000E+00      6.924309469526E-01      6.917161243490E-01      6.910036608190E-01      6.902944883648E-01      6.895895163023E-01      6.888896250235E-01      6.881956602405E-01      6.875084277928E-01      6.868286890872E-01      6.861571572192E-01      6.927889470758E-01
     -9.000000000000E+00      6.924320613861E-01      6.917183501049E-01      6.910069899387E-01      6.902989081436E-01      6.895950094405E-01      6.888961698252E-01      6.882032308537E-01      6.875169944867E-01      6.868382185608E-01      6.861676129344E-01      6.927895043759E-01
     -8.900000000000E+00      6.924332103347E-01      6.917206448112E-01      6.910104222048E-01      6.903034648686E-01      6.896006727766E-01      6.889029173821E-01      6.882110359461E-01      6.875258264203E-01      6.868480429502E-01      6.861783920461E-01      6.927900789334E-01
     -8.800000000000E+00      6.924343951752E-01      6.917230112197E-01      6.910139617345E-01      6.903081640063E-01      6.896065131036E-01      6.889098757843E-01      6.882190848694E-01      6.875349341655E-01      6.868581740002E-01      6.861895074203E-01      6.927906714367E-01
     -8.700000000000E+00      6.924356173490E-01      6.917254522105E-01      6.910176128375E-01      6.903130112792E-01      6.896125375325E-01      6.889170535004E-01      6.882273874125E-01      6.875443287875E-01      6.868686240031E-01      6.862009725210E-01      6.927912826062E-01
     -8.600000000000E+00      6.924368783650E-01      6.917279707994E-01      6.910213800261E-01      6.903180126783E-01      6.896187535078E-01      6.889244593961E-01      6.882359538226E-01      6.875540218690E-01      6.868794058247E-01      6.862128014397E-01      6.927919131961E-01
     -8.500000000000E+00      6.924381798029E-01      6.917305701435E-01      6.910252680244E-01      6.903231744761E-01      6.896251688238E-01      6.889321027530E-01      6.882447948271E-01      6.875640255349E-01      6.868905329323E-01      6.862250089245E-01      6.927925639961E-01
     -8.400000000000E+00      6.924395233166E-01      6.917332535484E-01      6.910292817787E-01      6.903285032400E-01      6.896317916410E-01      6.889399932888E-01      6.882539216571E-01      6.875743524782E-01      6.869020194225E-01      6.862376104114E-01      6.927932358328E-01
     -8.300000000000E+00      6.924409106377E-01      6.917360244752E-01      6.910334264681E-01      6.903340058464E-01      6.896386305038E-01      6.889481411778E-01      6.882633460702E-01      6.875850159860E-01      6.869138800508E-01      6.862506220556E-01      6.927939295717E-01
     -8.200000000000E+00      6.924423435792E-01      6.917388865475E-01      6.910377075148E-01      6.903396894947E-01      6.896456943577E-01      6.889565570713E-01      6.882730803752E-01      6.875960299670E-01      6.869261302610E-01      6.862640607641E-01      6.927946461189E-01
     -8.100000000000E+00      6.924438240389E-01      6.917418435588E-01      6.910421305955E-01      6.903455617220E-01      6.896529925674E-01      6.889652521196E-01      6.882831374559E-01      6.876074089789E-01      6.869387862155E-01      6.862779442280E-01      6.927953864231E-01
     -8.000000000000E+00      6.924453540032E-01      6.917448994797E-01      6.910467016522E-01      6.903516304175E-01      6.896605349351E-01      6.889742379931E-01      6.882935307969E-01      6.876191682559E-01      6.869518648263E-01      6.862922909557E-01      6.927961514770E-01
     -7.900000000000E+00      6.924469355509E-01      6.917480584659E-01      6.910514269034E-01      6.903579038378E-01      6.896683317191E-01      6.889835269045E-01      6.883042745075E-01      6.876313237370E-01      6.869653837847E-01      6.863071203061E-01      6.927969423194E-01
     -7.800000000000E+00      6.924485708583E-01      6.917513248681E-01      6.910563128601E-01      6.903643906277E-01      6.896763936595E-01      6.889931316397E-01      6.883153833585E-01      6.876438921064E-01      6.869793616074E-01      6.863224525372E-01      6.927977600381E-01
     -7.700000000000E+00      6.924502621920E-01      6.917547032176E-01      6.910613663036E-01      6.903710997906E-01      6.896847319418E-01      6.890030655132E-01      6.883268727294E-01      6.876568907329E-01      6.869938175661E-01      6.863383087279E-01      6.927986057656E-01
     -7.600000000000E+00      6.924520119349E-01      6.917581982788E-01      6.910665943639E-01      6.903780407930E-01      6.896933583258E-01      6.890133425231E-01      6.883387587878E-01      6.876703378736E-01      6.870087719161E-01      6.863547110297E-01      6.927994806929E-01
     -7.500000000000E+00      6.924538227368E-01      6.917618153487E-01      6.910720049682E-01      6.903852241595E-01      6.897022858871E-01      6.890239782340E-01      6.883510595128E-01      6.876842538340E-01      6.870242471890E-01      6.863716840885E-01      6.928003861440E-01
     -7.400000000000E+00      6.924556968780E-01      6.917655589885E-01      6.910776049435E-01      6.903926589541E-01      6.897115258823E-01      6.890349860381E-01      6.883637903607E-01      6.876986560507E-01      6.870402627055E-01      6.863892490014E-01      6.928013232582E-01
     -7.300000000000E+00      6.924576372986E-01      6.917694350763E-01      6.910834030870E-01      6.904003568563E-01      6.897210928203E-01      6.890463832036E-01      6.883769712742E-01      6.877135670404E-01      6.870568434418E-01      6.864074330765E-01      6.928022935048E-01
     -7.200000000000E+00      6.924596465506E-01      6.917734487169E-01      6.910894070395E-01      6.904083280098E-01      6.897309992980E-01      6.890581847152E-01      6.883906195443E-01      6.877290063046E-01      6.870740110001E-01      6.864262598934E-01      6.928032981585E-01
     -7.100000000000E+00      6.924617278319E-01      6.917776063046E-01      6.910956263711E-01      6.904165851199E-01      6.897412610963E-01      6.890704093509E-01      6.884047568501E-01      6.877449983102E-01      6.870917925056E-01      6.864457590910E-01      6.928043388171E-01
     -7.000000000000E+00      6.924638841251E-01      6.917819138061E-01      6.911020700131E-01      6.904251400438E-01      6.897518929401E-01      6.890830746268E-01      6.884194034038E-01      6.877615658532E-01      6.871102132089E-01      6.864659582299E-01      6.928054169708E-01
     -6.900000000000E+00      6.924661188128E-01      6.917863779860E-01      6.911087480905E-01      6.904340062227E-01      6.897629115207E-01      6.890962003970E-01      6.884345821151E-01      6.877787347717E-01      6.871293017315E-01      6.864868885522E-01      6.928065343091E-01
     -6.800000000000E+00      6.924684347029E-01      6.917910044642E-01      6.911156690166E-01      6.904431948234E-01      6.897743306980E-01      6.891098031333E-01      6.884503119665E-01      6.877965264391E-01      6.871490816989E-01      6.865085757800E-01      6.928076922344E-01
     -6.700000000000E+00      6.924708354023E-01      6.917958004563E-01      6.911228435924E-01      6.904527201838E-01      6.897861682738E-01      6.891239040043E-01      6.884666173732E-01      6.878149683746E-01      6.871695835712E-01      6.865310531305E-01      6.928088925483E-01
     -6.600000000000E+00      6.924733243875E-01      6.918007729191E-01      6.911302822321E-01      6.904625961272E-01      6.897984414057E-01      6.891385234028E-01      6.884835218394E-01      6.878340870472E-01      6.871908366125E-01      6.865543524731E-01      6.928101369868E-01
     -6.500000000000E+00      6.924759052215E-01      6.918059289837E-01      6.911379956121E-01      6.904728368234E-01      6.898111676784E-01      6.891536822227E-01      6.885010494368E-01      6.878539095494E-01      6.872128707563E-01      6.865785063789E-01      6.928114273291E-01
     -6.400000000000E+00      6.924785815386E-01      6.918112759251E-01      6.911459946239E-01      6.904834567271E-01      6.898243650263E-01      6.891694017658E-01      6.885192246947E-01      6.878744634713E-01      6.872357164602E-01      6.866035479564E-01      6.928127653896E-01
     -6.300000000000E+00      6.924813570232E-01      6.918168211205E-01      6.911542903132E-01      6.904944704955E-01      6.898380516302E-01      6.891857036174E-01      6.885380724537E-01      6.878957767305E-01      6.872594045135E-01      6.866295106338E-01      6.928141530074E-01
     -6.200000000000E+00      6.924842353824E-01      6.918225719942E-01      6.911628937969E-01      6.905058928792E-01      6.898522457807E-01      6.892026094817E-01      6.885576176724E-01      6.879178773501E-01      6.872839657836E-01      6.866564278747E-01      6.928155920325E-01
     -6.100000000000E+00      6.924872203101E-01      6.918285359467E-01      6.911718161573E-01      6.905177385797E-01      6.898669657000E-01      6.892201409670E-01      6.885778851761E-01      6.879407931693E-01      6.873094308882E-01      6.866843328092E-01      6.928170843081E-01
     -6.000000000000E+00      6.924903154409E-01      6.918347202629E-01      6.911810683041E-01      6.905300220670E-01      6.898822293140E-01      6.892383193119E-01      6.885988993356E-01      6.879645514744E-01      6.873358297772E-01      6.867132577656E-01      6.928186316468E-01
     -5.900000000000E+00      6.924935242893E-01      6.918411319903E-01      6.911906607937E-01      6.905427573382E-01      6.898980539499E-01      6.892571650221E-01      6.886206836425E-01      6.879891785108E-01      6.873631911806E-01      6.867432336529E-01      6.928202358010E-01
     -5.800000000000E+00      6.924968501763E-01      6.918477777940E-01      6.912006036108E-01      6.905559576272E-01      6.899144559747E-01      6.892766974361E-01      6.886432602016E-01      6.880146989022E-01      6.873915419522E-01      6.867742892268E-01      6.928218984251E-01
     -5.700000000000E+00      6.925002961124E-01      6.918546637219E-01      6.912109058173E-01      6.905696349358E-01      6.899314502069E-01      6.892969340173E-01      6.886666489022E-01      6.880411346987E-01      6.874209059933E-01      6.868064498879E-01      6.928236210181E-01
     -5.600000000000E+00      6.925038647493E-01      6.918617951103E-01      6.912215754120E-01      6.905837998495E-01      6.899490496886E-01      6.893178900821E-01      6.886908671010E-01      6.880685050131E-01      6.874513038406E-01      6.868397372183E-01      6.928254048981E-01
     -5.500000000000E+00      6.925075581047E-01      6.918691760349E-01      6.912326185096E-01      6.905984604441E-01      6.899672643210E-01      6.893395771647E-01      6.887159277171E-01      6.880968238474E-01      6.874827502242E-01      6.868741662707E-01      6.928272510653E-01
     -5.400000000000E+00      6.925113774939E-01      6.918768091699E-01      6.912440391230E-01      6.906136219871E-01      6.899861004796E-01      6.893620025398E-01      6.887418386553E-01      6.881260994085E-01      6.875152532681E-01      6.869097446460E-01      6.928291601678E-01
     -5.300000000000E+00      6.925153231574E-01      6.918846950606E-01      6.912558380965E-01      6.906292855474E-01      6.900055593155E-01      6.893851672311E-01      6.887686005365E-01      6.881563315746E-01      6.875488117056E-01      6.869464694705E-01      6.928311323135E-01
     -5.200000000000E+00      6.925193940921E-01      6.918928317603E-01      6.912680125244E-01      6.906454471696E-01      6.900256356586E-01      6.894090646161E-01      6.887962049765E-01      6.881875098211E-01      6.875834124248E-01      6.869843245321E-01      6.928331669887E-01
     -5.100000000000E+00      6.925235875267E-01      6.919012138094E-01      6.912805542593E-01      6.906620959379E-01      6.900463156636E-01      6.894336776794E-01      6.888246314715E-01      6.882196097605E-01      6.876190266854E-01      6.870232761965E-01      6.928352627921E-01
     -5.000000000000E+00      6.925278984923E-01      6.919098313666E-01      6.912934485942E-01      6.906792121978E-01      6.900675745584E-01      6.894589762750E-01      6.888538441599E-01      6.882525893911E-01      6.876556058393E-01      6.870632685846E-01      6.928374172217E-01
     -4.900000000000E+00      6.925323191722E-01      6.919186689132E-01      6.913066723263E-01      6.906967649828E-01      6.900893734381E-01      6.894849132901E-01      6.888837873584E-01      6.882863840050E-01      6.876930756115E-01      6.871042172243E-01      6.928396263487E-01
     -4.800000000000E+00      6.925368379709E-01      6.919277033973E-01      6.913201909792E-01      6.907147083186E-01      6.901116546526E-01      6.895114191175E-01      6.889143791199E-01      6.883208988331E-01      6.877313278304E-01      6.871459998671E-01      6.928418843512E-01
     -4.700000000000E+00      6.925414389202E-01      6.919369030474E-01      6.913339570268E-01      6.907329788568E-01      6.901343388485E-01      6.895383981024E-01      6.889455070804E-01      6.883560042840E-01      6.877702150521E-01      6.871884504862E-01      6.928441832171E-01
     -4.600000000000E+00      6.925460996105E-01      6.919462232459E-01      6.913479037157E-01      6.907514876544E-01      6.901573147126E-01      6.895657162573E-01      6.889770141505E-01      6.883915196189E-01      6.878095322228E-01      6.872313389324E-01      6.928465117085E-01
     -4.500000000000E+00      6.925507905246E-01      6.919556051989E-01      6.913619430762E-01      6.907701175254E-01      6.901804356656E-01      6.895931972950E-01      6.890086938868E-01      6.884272076570E-01      6.878490107135E-01      6.872743642911E-01      6.928488550278E-01
     -4.400000000000E+00      6.925554714896E-01      6.919649688560E-01      6.913759553191E-01      6.907887089277E-01      6.902035022438E-01      6.896206015118E-01      6.890402658779E-01      6.884627466656E-01      6.878882867133E-01      6.873171197765E-01      6.928511930418E-01
     -4.300000000000E+00      6.925600898484E-01      6.919742092628E-01      6.913897833808E-01      6.908070527054E-01      6.902262530486E-01      6.896476149487E-01      6.890713631231E-01      6.884977159600E-01      6.879268850537E-01      6.873590747826E-01      6.928534993662E-01
     -4.200000000000E+00      6.925645763725E-01      6.919831884035E-01      6.914032207077E-01      6.908248738272E-01      6.902483444445E-01      6.896738250553E-01      6.891015036648E-01      6.885315635055E-01      6.879641827783E-01      6.873995344173E-01      6.928557393197E-01
     -4.100000000000E+00      6.925688402435E-01      6.919917251865E-01      6.914159962673E-01      6.908418114417E-01      6.902693256741E-01      6.896986908771E-01      6.891300558596E-01      6.885635662802E-01      6.879993646054E-01      6.874375900711E-01      6.928578674112E-01
     -4.000000000000E+00      6.925727625237E-01      6.919995824163E-01      6.914277550463E-01      6.908573929217E-01      6.902886064687E-01      6.897215042479E-01      6.891561931641E-01      6.885927786659E-01      6.880313649321E-01      6.874720550406E-01      6.928598240721E-01
     -3.900000000000E+00      6.925761873239E-01      6.920064491722E-01      6.914380316804E-01      6.908709987818E-01      6.903054132838E-01      6.897413373712E-01      6.891788330880E-01      6.886179627953E-01      6.880587895958E-01      6.875013777247E-01      6.928615312334E-01
     -3.800000000000E+00      6.925789100485E-01      6.920119173439E-01      6.914462153196E-01      6.908818159065E-01      6.903187309194E-01      6.897569728568E-01      6.891965556681E-01      6.886374954799E-01      6.880798112735E-01      6.875235255099E-01      6.928628864428E-01
     -3.700000000000E+00      6.925806611799E-01      6.920154493038E-01      6.914515012829E-01      6.908887732764E-01      6.903272223986E-01      6.897668078296E-01      6.892074918786E-01      6.886492409929E-01      6.880920267032E-01      6.875358264974E-01      6.928637547433E-01
     -3.600000000000E+00      6.925810842365E-01      6.920163339192E-01      6.914528252122E-01      6.908904543395E-01      6.903291196272E-01      6.897687229381E-01      6.892091710466E-01      6.886503769459E-01      6.880922610759E-01      6.875347524659E-01      6.928639576398E-01
     -3.500000000000E+00      6.925797055126E-01      6.920136262154E-01      6.914487728277E-01      6.908849770180E-01      6.903220737980E-01      6.897599032975E-01      6.891983124688E-01      6.886371567089E-01      6.880763013916E-01      6.875156232973E-01      6.928632579448E-01
     -3.400000000000E+00      6.925758900665E-01      6.920060596197E-01      6.914374486781E-01      6.908698191976E-01      6.903029378394E-01      6.897365781063E-01      6.891705223970E-01      6.886045639670E-01      6.880385087869E-01      6.874721772858E-01      6.928613377376E-01
     -3.300000000000E+00      6.925687816021E-01      6.919919261406E-01      6.914162970038E-01      6.908415806382E-01      6.902674697175E-01      6.896936656683E-01      6.891198811018E-01      6.885458421418E-01      6.879712906386E-01      6.873959862575E-01      6.928577682523E-01
     -3.200000000000E+00      6.925572137177E-01      6.919688995390E-01      6.913818374663E-01      6.907956318598E-01      6.902098950476E-01      6.896242502778E-01      6.890383345652E-01      6.884518014236E-01      6.878643234743E-01      6.872755949187E-01      6.928519654141E-01
     -3.100000000000E+00      6.925395806694E-01      6.919337779871E-01      6.913292807631E-01      6.907256037158E-01      6.901222715778E-01      6.895188225284E-01      6.889148115070E-01      6.883098134008E-01      6.877034260989E-01      6.870952734009E-01      6.928431250758E-01
     -3.000000000000E+00      6.925136442734E-01      6.918820998177E-01      6.912519550411E-01      6.906226261694E-01      6.899935419299E-01      6.893641475412E-01      6.887339085674E-01      6.881023146324E-01      6.874688829896E-01      6.868331619354E-01      6.928301262165E-01
     -2.900000000000E+00      6.924762396359E-01      6.918075585035E-01      6.911404333614E-01      6.904741712262E-01      6.898080947564E-01      6.891415469134E-01      6.884738954632E-01      6.878045373192E-01      6.871329027240E-01      6.864584592599E-01      6.928113833492E-01
     -2.800000000000E+00      6.924228125647E-01      6.917010841159E-01      6.909811651461E-01      6.902622396624E-01      6.895435114562E-01      6.888242096051E-01      6.881035937794E-01      6.873809593590E-01      6.866556423626E-01      6.859270241814E-01      6.927846143507E-01
     -2.700000000000E+00      6.923466647102E-01      6.915493468662E-01      6.907542494581E-01      6.899604135766E-01      6.891669058550E-01      6.883728250718E-01      6.875773084948E-01      6.867795379858E-01      6.859787458694E-01      6.851742205633E-01      6.927464612517E-01
     -2.600000000000E+00      6.922376323522E-01      6.913321432213E-01      6.904295511930E-01      6.895287199127E-01      6.886285471653E-01      6.877279729882E-01      6.868259874196E-01      6.859216379146E-01      6.850140364441E-01      6.841023662758E-01      6.926918256895E-01
     -2.500000000000E+00      6.920794705252E-01      6.910172323799E-01      6.899590392529E-01      6.889035017813E-01      6.878492791167E-01      6.867950892843E-01      6.857397189791E-01      6.846820328637E-01      6.836209824041E-01      6.825556142507E-01      6.926125512276E-01
     -2.400000000000E+00      6.918433767311E-01      6.905475752018E-01      6.892578657356E-01      6.879724003692E-01      6.866894088745E-01      6.854072130533E-01      6.841242400594E-01      6.828390348987E-01      6.815502721988E-01      6.802567672787E-01      6.924941569862E-01
     -2.300000000000E+00      6.914656946644E-01      6.897974346771E-01      6.881392995418E-01      6.864883204146E-01      6.848416868014E-01      6.831967700621E-01      6.815511448737E-01      6.799026090815E-01      6.782492021948E-01      6.765892225974E-01      6.923045861730E-01
     -2.200000000000E+00      6.907368900722E-01      6.883540800380E-01      6.859917176653E-01      6.836432034961E-01      6.813024312031E-01      6.789638386665E-01      6.766224530655E-01      6.742739317132E-01      6.719145993621E-01      6.695414817650E-01      6.919381456533E-01
     -2.100000000000E+00      6.884683404899E-01      6.838938570543E-01      6.793936617289E-01      6.749412899470E-01      6.705138630282E-01      6.660920481059E-01      6.616600255347E-01      6.572054721649E-01      6.527195531305E-01      6.481969039723E-01      6.907926966551E-01
      0.000000000000E+00      1.575292341016E-09      1.332498555939E-10      9.993739169545E-11      8.883294100315E-11      8.328138179081E-11      7.995026862773E-11      7.772893440006E-11      7.614264774247E-11      7.495293274928E-11      7.402789492517E-11      1.283055246981E-05
     -1.000000000000E-01      1.766534320955E-03      3.899315931792E-04      2.924772110435E-04      2.599497842644E-04      2.436748222525E-04      2.339008595027E-04      2.273773991499E-04      2.227113711024E-04      2.192062403146E-04      2.164750428708E-04      2.413280257079E-02
     -2.000000000000E-01      6.097004687028E-03      1.594863784038E-03      1.196625268887E-03      1.063156766615E-03      9.962302391946E-04      9.559214333890E-04      9.289216843187E-04      9.095272767765E-04      8.948863529614E-04      8.834145472552E-04      4.795438186305E-02
     -3.000000000000E-01      1.249376525079E-02      3.670502247560E-03      2.755408992723E-03      2.446506575413E-03      2.291013641950E-03      2.196896055657E-03      2.133468624881E-03      2.087580504802E-03      2.052656267020E-03      2.025042890673E-03      7.147501991703E-02
     -4.000000000000E-01      2.071845807085E-02      6.676517787007E-03      5.015783692642E-03      4.449258405136E-03      4.162466566588E-03      3.987638667788E-03      3.868808313072E-03      3.781989365069E-03      3.715188683473E-03      3.661743353766E-03      9.470385251265E-02
     -5.000000000000E-01      3.061661926787E-02      1.067640686707E-02      8.028830707204E-03      7.112879464001E-03      6.645654511086E-03      6.358212032522E-03      6.160727379750E-03      6.014700702485E-03      5.900881559273E-03      5.808574853073E-03      1.176490666119E-01
     -6.000000000000E-01      4.207553228438E-02      1.573719528409E-02      1.184982509963E-02      1.048081099057E-02      9.775690808080E-03      9.337071273976E-03      9.031925500859E-03      8.803224968788E-03      8.622452715777E-03      8.473763944508E-03      1.403181425446E-01
     -7.000000000000E-01      5.500650057957E-02      2.192893519356E-02      1.653820439560E-02      1.459816665063E-02      1.358707074593E-02      1.295011545756E-02      1.250086446779E-02      1.215935230442E-02      1.188558492430E-02      1.165733525628E-02      1.627181975432E-01
     -8.000000000000E-01      6.933556487291E-02      2.932393970841E-02      2.215740166385E-02      1.951137746074E-02      1.811296196002E-02      1.721972299530E-02      1.658066145469E-02      1.608800213580E-02      1.568781743684E-02      1.535012001651E-02      1.848564894249E-01
     -9.000000000000E-01      8.499803783535E-02      3.799571507309E-02      2.877451613493E-02      2.526783098368E-02      2.338455469506E-02      2.216391987856E-02      2.127822206531E-02      2.058644897911E-02      2.001797070085E-02      1.953346687079E-02      2.067411821646E-01
     -1.000000000000E+00      1.019352042898E-01      4.801759389165E-02      3.645982479286E-02      3.191561053100E-02      2.943066600076E-02      2.779593829525E-02      2.659392319990E-02      2.564427718076E-02      2.485648606800E-02      2.418004837994E-02      2.283825531851E-01
     -1.100000000000E+00      1.200927114725E-01      5.946120942994E-02      4.528624079385E-02      3.950356438349E-02      3.627795163740E-02      3.412459776501E-02      3.252232264445E-02      3.124455848257E-02      3.017716271648E-02      2.925620370148E-02      2.497949418520E-01
     -1.200000000000E+00      1.394209258812E-01      7.239525873992E-02      5.532906606818E-02      4.808217453226E-02      4.395234335125E-02      4.115620554311E-02      3.905460419835E-02      3.736692068648E-02      3.595087563268E-02      3.472627986294E-02      2.710000110034E-01
     -1.300000000000E+00      1.598784835754E-01      8.688574904119E-02      6.666699218032E-02      5.770622335839E-02      5.248282805292E-02      4.889912954578E-02      4.618384735797E-02      4.399345707098E-02      4.215203668913E-02      4.055951998653E-02      2.920324341484E-01
     -1.400000000000E+00      1.814419818077E-01      1.030006187821E-01      7.938672752353E-02      6.844143033696E-02      6.190968630200E-02      5.737305628223E-02      5.391492524726E-02      5.111899944022E-02      4.876901617439E-02      4.674042422080E-02      3.129502855843E-01
     -1.500000000000E+00      2.041286632322E-01      1.208257226476E-01      9.359715486750E-02      8.038010569655E-02      7.230165982532E-02      6.662691697756E-02      6.228252129873E-02      5.876875632400E-02      5.582108532349E-02      5.328478691489E-02      3.338552310858E-01
     -1.600000000000E+00      2.280487840871E-01      1.405096150363E-01      1.094681039374E-01      9.367849582922E-02      8.379281813197E-02      7.677479600023E-02      7.138542911745E-02      6.703055944025E-02      6.338840037810E-02      6.026738667859E-02      3.549348768384E-01
     -1.700000000000E+00      2.535333008194E-01      1.623848766579E-01      1.273358603087E-01      1.086516095420E-01      9.666957217025E-02      8.807615582493E-02      8.146037969591E-02      7.612262425176E-02      7.167412430422E-02      6.787898158909E-02      3.765616707093E-01
     -1.800000000000E+00      2.814895175048E-01      1.873236139110E-01      1.480163944591E-01      1.260478886568E-01      1.116140613238E-01      1.011536177014E-01      9.307839964229E-02      8.657170397217E-02      8.116697072134E-02      7.657539190417E-02      3.995660574450E-01
     -1.900000000000E+00      3.147516546713E-01      2.181049339424E-01      1.740263972278E-01      1.481213912141E-01      1.306499245585E-01      1.178347492802E-01      1.079010251071E-01      9.989822671834E-02      9.326663727914E-02      8.765222559181E-02      4.262882586614E-01
     -2.000000000000E+00      3.736874249522E-01      2.751241419099E-01      2.237549946032E-01      1.912260903248E-01      1.683725149973E-01      1.512416376550E-01      1.378183808791E-01      1.269553609807E-01      1.179456685978E-01      1.103272261218E-01      4.729675292887E-01
      1.000000000000E-01      1.703357826726E-03      3.733561565618E-04      2.800432604575E-04      2.489009494959E-04      2.333198846416E-04      2.239633294434E-04      2.177190313630E-04      2.132531678796E-04      2.098988277317E-04      2.072855046626E-04      2.379113282437E-02
      2.000000000000E-01      5.682827610984E-03      1.462227651624E-03      1.097072025482E-03      9.747790970343E-04      9.134834131506E-04      8.765872842709E-04      8.518910671635E-04      8.341663422446E-04      8.207988995990E-04      8.103364002818E-04      4.663365546616E-02
      3.000000000000E-01      1.127438233926E-02      3.222681576024E-03      2.418962689377E-03      2.148309546556E-03      2.012270732883E-03      1.930084504079E-03      1.874825975199E-03      1.834955885714E-03      1.804704602557E-03      1.780866771629E-03      6.860100469271E-02
      4.000000000000E-01      1.812505929609E-02      5.614490935687E-03      4.216800880701E-03      3.742700778279E-03      3.503524665154E-03      3.358353398843E-03      3.260191862511E-03      3.188899077949E-03      3.134404530143E-03      3.091113467046E-03      8.975875182774E-02
      5.000000000000E-01      2.599635800205E-02      8.600986485658E-03      6.464690553468E-03      5.733659292641E-03      5.363232986967E-03      5.137171780734E-03      4.983318968498E-03      4.870749116931E-03      4.783999365404E-03      4.714479120194E-03      1.101657880536E-01
      6.000000000000E-01      3.471306597087E-02      1.214890435448E-02      9.139578522628E-03      8.099341329628E-03      7.569573415427E-03      7.244329866806E-03      7.021420283880E-03      6.857044466401E-03      6.729301733803E-03      6.626024591200E-03      1.298752959157E-01
      7.000000000000E-01      4.414060214901E-02      1.622823911174E-02      1.222109879246E-02      1.082029916734E-02      1.010293287151E-02      9.659717541534E-03      9.353746535384E-03      9.126332439072E-03      8.948129670232E-03      8.802833724780E-03      1.489355644305E-01
      8.000000000000E-01      5.417274145265E-02      2.081210777379E-02      1.569143849897E-02      1.387942719418E-02      1.294590977676E-02      1.236537776456E-02      1.196169021824E-02      1.165932423212E-02      1.142051320375E-02      1.122427197301E-02      1.673906769769E-01
      9.000000000000E-01      6.472415941090E-02      2.587663323916E-02      1.953523010272E-02      1.726191512213E-02      1.608330944904E-02      1.534553880039E-02      1.482885383250E-02      1.443899897717E-02      1.412883397091E-02      1.387216109428E-02      1.852811044610E-01
      1.000000000000E+00      7.572555546040E-02      3.140084870997E-02      2.373946973794E-02      2.095521128044E-02      1.950213802683E-02      1.858663316551E-02      1.794109260879E-02      1.745066948423E-02      1.705791297124E-02      1.673088754352E-02      2.026442176617E-01
      1.100000000000E+00      8.712030791505E-02      3.736663260708E-02      2.829346812857E-02      2.494900420398E-02      2.319160463658E-02      2.207731474349E-02      2.128654499230E-02      2.068202488797E-02      2.019506376462E-02      1.978746412314E-02      2.195147448417E-01
      1.200000000000E+00      9.886210298714E-02      4.375867778495E-02      3.318883666646E-02      2.923522713044E-02      2.714313782810E-02      2.580848169540E-02      2.485566020142E-02      2.412316134000E-02      2.353012426458E-02      2.303156028205E-02      2.359251858892E-01
      1.300000000000E+00      1.109132276151E-01      5.056450469110E-02      3.841951621471E-02      3.380809402813E-02      3.135042558525E-02      2.977331548138E-02      2.864123437102E-02      2.776661365236E-02      2.705548166716E-02      2.645551750843E-02      2.519062001258E-01
      1.400000000000E+00      1.232433435561E-01      5.777453122176E-02      4.398185923179E-02      3.866417816231E-02      3.580949007393E-02      3.396734768951E-02      3.263846776316E-02      3.160740140406E-02      3.076610532479E-02      3.005436621968E-02      2.674869848068E-01
      1.500000000000E+00      1.358286282962E-01      6.538221143541E-02      4.987477614689E-02      4.380254456687E-02      4.051880858876E-02      3.838856654565E-02      3.684505557809E-02      3.564310293725E-02      3.465960214458E-02      3.382586016019E-02      2.826956572590E-01
      1.600000000000E+00      1.486512227662E-01      7.338426645100E-02      5.609996653389E-02      4.922495606901E-02      4.547949950782E-02      4.303758155545E-02      4.126133082610E-02      3.987397601751E-02      3.873631389695E-02      3.777054859962E-02      2.975596625324E-01
      1.700000000000E+00      1.616989564051E-01      8.178103746580E-02      6.266226221911E-02      5.493617854499E-02      5.069559764601E-02      4.791786988543E-02      4.589048248955E-02      4.430314833525E-02      4.299947985993E-02      4.189191028590E-02      3.121062291993E-01
      1.800000000000E+00      1.749653436251E-01      9.057699925849E-02      6.957011804215E-02      6.094441937559E-02      5.617445145261E-02      5.303613588054E-02      5.073887972004E-02      4.893690825170E-02      4.745549513760E-02      4.619657967440E-02      3.263628994012E-01
      1.900000000000E+00      1.884498561372E-01      9.978147653740E-02      7.683629186696E-02      6.726193989902E-02      6.192728198666E-02      5.840282296888E-02      5.581654082651E-02      5.378513420935E-02      5.211430289689E-02      5.069470365416E-02      3.403581547223E-01
      2.000000000000E+00      2.021584768713E-01      1.094096072310E-01      8.447876042050E-02      7.390588945769E-02      6.796995167710E-02      6.403282602481E-02      6.113779496718E-02      5.886191043101E-02      5.698996782167E-02      5.540047576487E-02      3.541221490944E-01
      2.100000000000E+00      2.161044520289E-01      1.194835213645E-01      9.252186182641E-02      8.089936732325E-02      7.432396003428E-02      6.994642892964E-02      6.672216649595E-02      6.418636242890E-02      6.210146677773E-02      6.033288564271E-02      3.676874815133E-01
      2.200000000000E+00      2.303089892188E-01      1.300335651341E-01      1.009975467450E-01      8.827263089000E-02      8.101761075183E-02      7.617043000358E-02      7.259545716975E-02      6.978369608039E-02      6.747368632633E-02      6.551667745947E-02      3.810897963164E-01
      2.300000000000E+00      2.448011019219E-01      1.410989083422E-01      1.099462192931E-01      9.606403559907E-02      8.808701116793E-02      8.273917049004E-02      7.879078017191E-02      7.568622213664E-02      7.313842940454E-02      7.098333505586E-02      3.943675762997E-01
      2.400000000000E+00      2.596147949522E-01      1.527259379606E-01      1.194158583901E-01      1.043196081086E-01      9.557595825011E-02      8.969463080799E-02      8.534879089478E-02      8.193366996502E-02      7.913477909209E-02      7.677147573179E-02      4.075597411314E-01
      2.500000000000E+00      2.747801194987E-01      1.649611725212E-01      1.294566522982E-01      1.130888576241E-01      1.035325861342E-01      9.708366793630E-02      9.231533509881E-02      8.857112220894E-02      8.550723684162E-02      8.292513801066E-02      4.206985056166E-01
      2.600000000000E+00      2.903035498227E-01      1.778340248502E-01      1.401070006954E-01      1.224130848990E-01      1.119993283054E-01      1.049491684578E-01      9.973346119507E-02      9.564165409635E-02      9.229883014870E-02      8.948725053234E-02      4.337944300092E-01
      2.700000000000E+00      3.061366083737E-01      1.913271249550E-01      1.513683631785E-01      1.323035467939E-01      1.209934659677E-01      1.133123437391E-01      1.076270135423E-01      1.031709085459E-01      9.953644836204E-02      9.648557414559E-02      4.468137491288E-01
      2.800000000000E+00      3.221452098703E-01      2.053438007040E-01      1.631761554791E-01      1.427150239273E-01      1.304826242499E-01      1.221496855446E-01      1.159787316591E-01      1.111461132536E-01      1.072106116809E-01      1.039130985393E-01      4.596585587058E-01
      2.900000000000E+00      3.381094450488E-01      2.196997699468E-01      1.753892797764E-01      1.535342176950E-01      1.403723879547E-01      1.313801028055E-01      1.247171452097E-01      1.195028946127E-01      1.152623015566E-01      1.117149423853E-01      4.721721530978E-01
      3.000000000000E+00      3.537743037333E-01      2.341619657930E-01      1.878193268419E-01      1.646025681961E-01      1.505246117235E-01      1.408800157675E-01      1.337293671704E-01      1.281364072772E-01      1.235928634443E-01      1.197973268221E-01      4.841818763097E-01
      3.100000000000E+00      3.689243524703E-01      2.485157110200E-01      2.002862406141E-01      1.757639862351E-01      1.607995533900E-01      1.505214037461E-01      1.428960910366E-01      1.369340054216E-01      1.320948656860E-01      1.280569905588E-01      4.955552048561E-01
      3.200000000000E+00      3.834279315998E-01      2.626109024851E-01      2.126592392814E-01      1.869019281910E-01      1.710902425789E-01      1.602041439131E-01      1.521223366838E-01      1.458047031616E-01      1.406805035518E-01      1.364087141232E-01      5.062282150441E-01
      3.300000000000E+00      3.972323697995E-01      2.763649264601E-01      2.248620436906E-01      1.979459754157E-01      1.813300251828E-01      1.698642107247E-01      1.613460696262E-01      1.546880505323E-01      1.492906254807E-01      1.447944298515E-01      5.161965422419E-01
      3.400000000000E+00      4.103343034314E-01      2.897399709756E-01      2.368554505988E-01      2.088579376676E-01      1.914811853337E-01      1.794641234123E-01      1.705299881586E-01      1.635469196290E-01      1.578882788098E-01      1.531773576448E-01      5.254899373458E-01
      3.500000000000E+00      4.227533081416E-01      3.027205606437E-01      2.486189463421E-01      2.196162513880E-01      2.015213318374E-01      1.889807922412E-01      1.796504650824E-01      1.723572855436E-01      1.664491466512E-01      1.615329645304E-01      5.341515113202E-01
      3.600000000000E+00      4.345168810846E-01      3.153001499991E-01      2.601394229079E-01      2.302061279993E-01      2.114345690303E-01      1.983974486432E-01      1.886900572796E-01      1.811011883280E-01      1.749548700866E-01      1.698425787534E-01      5.422265702858E-01
      3.700000000000E+00      4.456543408396E-01      3.274756467336E-01      2.714065170625E-01      2.406153724924E-01      2.212076463410E-01      2.077000432333E-01      1.976340983946E-01      1.897634824987E-01      1.833899264780E-01      1.780903754241E-01      5.497583963378E-01
      3.800000000000E+00      4.561949853476E-01      3.392458767661E-01      2.824113450127E-01      2.508331914986E-01      2.308287989011E-01      2.168761112668E-01      2.064695875532E-01      1.983307484167E-01      1.917405626837E-01      1.862623303479E-01      5.567872177932E-01
      3.900000000000E+00      4.661678993840E-01      3.506116293806E-01      2.931466519524E-01      2.608502880713E-01      2.402877753767E-01      2.259147475761E-01      2.151851258094E-01      2.067912015399E-01      1.999946853504E-01      1.943460971535E-01      5.633503579088E-01
      4.000000000000E+00      4.756019566881E-01      3.615758163970E-01      3.036070753957E-01      2.706590880972E-01      2.495760108681E-01      2.348067351741E-01      2.237710111764E-01      2.151347626138E-01      2.081419128300E-01      2.023310457247E-01      5.694825186532E-01
      4.100000000000E+00      4.845257258476E-01      3.721434453067E-01      3.137892381091E-01      2.802538321584E-01      2.586866942226E-01      2.435445896429E-01      2.322192649284E-01      2.233530702780E-01      2.161735775589E-01      2.102082569464E-01      5.752159911574E-01
      4.200000000000E+00      4.929673009702E-01      3.823214389285E-01      3.236916889626E-01      2.896305384558E-01      2.676147261012E-01      2.521225089959E-01      2.405235741664E-01      2.314394178127E-01      2.240826583433E-01      2.179704516353E-01      5.805808016929E-01
      4.300000000000E+00      5.009540870309E-01      3.921183419539E-01      3.333147203661E-01      2.987868549614E-01      2.763565785626E-01      2.605362347003E-01      2.486791530621E-01      2.393886145004E-01      2.318636420281E-01      2.256118527369E-01      5.856048114135E-01
      4.400000000000E+00      5.085125947850E-01      4.015439868211E-01      3.426601265725E-01      3.077218576046E-01      2.849101085445E-01      2.687828732386E-01      2.566825696110E-01      2.471968159639E-01      2.395123564165E-01      2.331280201832E-01      5.903138044046E-01
      4.500000000000E+00      5.156682791330E-01      4.106091778337E-01      3.517309591729E-01      3.164358402104E-01      2.932743601783E-01      2.768607044457E-01      2.645315581195E-01      2.548613401744E-01      2.470257895711E-01      2.405156733612E-01      5.947315826146E-01
      4.600000000000E+00      5.224454088787E-01      4.193253762505E-01      3.605312635794E-01      3.249300925343E-01      3.014493695351E-01      2.847690054458E-01      2.722248564923E-01      2.623805130901E-01      2.544019398314E-01      2.477725426080E-01      5.988800642924E-01
      4.700000000000E+00      5.288670224223E-01      4.277045035652E-01      3.690659167860E-01      3.332067490167E-01      3.094360053592E-01      2.925078806604E-01      2.797620286910E-01      2.697534879318E-01      2.616396358170E-01      2.548971928912E-01      6.027794081541E-01
      4.800000000000E+00      5.349548838227E-01      4.357587136803E-01      3.773404201090E-01      3.412686132477E-01      3.172358168151E-01      3.000781268298E-01      2.871433416870E-01      2.769801292632E-01      2.687384237312E-01      2.618889114548E-01      6.064481270862E-01
      4.900000000000E+00      5.407294809552E-01      4.435002299105E-01      3.853607452398E-01      3.491190190121E-01      3.248509002000E-01      3.074811023059E-01      2.943696368200E-01      2.840608865145E-01      2.756984432340E-01      2.687475861681E-01      6.099032070705E-01
      5.000000000000E+00      5.462100546851E-01      4.509412267144E-01      3.931332169160E-01      3.567617245619E-01      3.322837977008E-01      3.147186274586E-01      3.014422310230E-01      2.909966957116E-01      2.825203295028E-01      2.754736078119E-01      6.131602290838E-01
      5.100000000000E+00      5.514146329347E-01      4.580937222188E-01      4.006643993954E-01      3.642008099134E-01      3.395374011410E-01      3.217928924998E-01      3.083628276691E-01      2.977888926322E-01      2.892051281161E-01      2.820677862233E-01      6.162334810366E-01
      5.200000000000E+00      5.563600863829E-01      4.649695121893E-01      4.079610204255E-01      3.714406058293E-01      3.466148817199E-01      3.287063861478E-01      3.151334440347E-01      3.044391393827E-01      2.957542211015E-01      2.885312761183E-01      6.191360691746E-01
      5.300000000000E+00      5.610621805591E-01      4.715801056577E-01      4.150298926936E-01      3.784856213074E-01      3.535196219431E-01      3.354618304218E-01      3.217563481817E-01      3.109493628036E-01      3.021692663796E-01      2.948655171796E-01      6.218800176848E-01
      5.400000000000E+00      5.655356370779E-01      4.779366852746E-01      4.218778581006E-01      3.853404903734E-01      3.602551635915E-01      3.420621286139E-01      3.282340067505E-01      3.173217021683E-01      3.084521454609E-01      3.010721818088E-01      6.244763636978E-01
      5.500000000000E+00      5.697941950404E-01      4.840500780215E-01      4.285117408369E-01      3.920099266572E-01      3.668251634588E-01      3.485103212185E-01      3.345690408209E-01      3.235584649200E-01      3.146049190249E-01      3.071531305129E-01      6.269352443373E-01
      5.600000000000E+00      5.738506721415E-01      4.899307358032E-01      4.349383095047E-01      3.984986857437E-01      3.732333562067E-01      3.548095485649E-01      3.407641882021E-01      3.296620887002E-01      3.206297887794E-01      3.131103736736E-01      6.292659765133E-01
      5.700000000000E+00      5.777170245732E-01      4.955887240980E-01      4.411642469939E-01      4.048115343996E-01      3.794835237558E-01      3.609630198343E-01      3.468222720257E-01      3.356351096413E-01      3.265290655663E-01      3.189460395299E-01      6.314771299156E-01
      5.800000000000E+00      5.814044047242E-01      5.010337166073E-01      4.471961263665E-01      4.109532252069E-01      3.855794699889E-01      3.669739874313E-01      3.527461746957E-01      3.414801359441E-01      3.323051426142E-01      3.246623471319E-01      6.335765934793E-01
      5.900000000000E+00      5.849232156898E-01      5.062749937789E-01      4.530403908220E-01      4.169284748115E-01      3.915249990441E-01      3.728457250823E-01      3.585388157113E-01      3.471998254469E-01      3.379604728750E-01      3.302615834527E-01      6.355716355210E-01
      6.000000000000E+00      5.882831641566E-01      5.113214474568E-01      4.587033405462E-01      4.227419481697E-01      3.973238986552E-01      3.785815101013E-01      3.642031329206E-01      3.527968660808E-01      3.434975488972E-01      3.357460828549E-01      6.374689588793E-01
      6.100000000000E+00      5.914933092133E-01      5.161815864974E-01      4.641911209939E-01      4.283982442967E-01      4.029799255354E-01      3.841846083828E-01      3.697420671136E-01      3.582739601364E-01      3.489188868314E-01      3.411182108700E-01      6.392747504734E-01
      6.200000000000E+00      5.945621084553E-01      5.208635452404E-01      4.695097148387E-01      4.339018853280E-01      4.084967937914E-01      3.896582622110E-01      3.751585492406E-01      3.636338109812E-01      3.542270127379E-01      3.463803501650E-01      6.409947263734E-01
      6.300000000000E+00      5.974974610712E-01      5.253750936821E-01      4.746649364589E-01      4.392573079060E-01      4.138781655171E-01      3.950056801781E-01      3.804554896954E-01      3.688791118234E-01      3.594244509467E-01      3.515348885851E-01      6.426341726338E-01
      6.400000000000E+00      6.003067480205E-01      5.297236488897E-01      4.796624285281E-01      4.444688565548E-01      4.191276433076E-01      4.002300290125E-01      3.856357695079E-01      3.740125363785E-01      3.645137143095E-01      3.565842090813E-01      6.441979823067E-01
      6.500000000000E+00      6.029968693093E-01      5.339162870969E-01      4.845076601347E-01      4.495407785377E-01      4.242487642520E-01      4.053344269386E-01      3.907022331200E-01      3.790367311541E-01      3.694972960911E-01      3.615306812830E-01      6.456906889479E-01
      6.600000000000E+00      6.055742785495E-01      5.379597562194E-01      4.892059261686E-01      4.544772200047E-01      4.292449952804E-01      4.103219385154E-01      3.956576827612E-01      3.839543094288E-01      3.743776636152E-01      3.663766548580E-01      6.471164969824E-01
      6.700000000000E+00      6.080450151709E-01      5.418604891097E-01      4.937623483642E-01      4.592822236394E-01      4.341197296835E-01      4.151955703220E-01      4.005048733908E-01      3.887678455876E-01      3.791572521452E-01      3.711244530694E-01      6.484793093024E-01
      6.800000000000E+00      6.104147340239E-01      5.456246163812E-01      4.981818766545E-01      4.639597268192E-01      4.388762844620E-01      4.199582678587E-01      4.052465092023E-01      3.934798712784E-01      3.838384607395E-01      3.757763683683E-01      6.497827522301E-01
      6.900000000000E+00      6.126887328789E-01      5.492579794222E-01      5.024692915430E-01      4.685135608098E-01      4.435178986295E-01      4.246129133382E-01      4.098852409664E-01      3.980928723621E-01      3.884236488642E-01      3.803346587057E-01      6.510301982296E-01
      7.000000000000E+00      6.148719779326E-01      5.527661434891E-01      5.066292073543E-01      4.729474507602E-01      4.480477320448E-01      4.291623237226E-01      4.144236633840E-01      4.026092857184E-01      3.929151328102E-01      3.848015437125E-01      6.522247865603E-01
      7.100000000000E+00      6.169691270332E-01      5.561544097541E-01      5.106660750158E-01      4.772650155613E-01      4.524688646225E-01      4.336092497327E-01      4.188643139141E-01      4.070314978448E-01      3.973151840004E-01      3.891792026497E-01      6.533694419113E-01
      7.200000000000E+00      6.189845517280E-01      5.594278281889E-01      5.145841865640E-01      4.814697693329E-01      4.567842967471E-01      4.379563756014E-01      4.232096720047E-01      4.113618437098E-01      4.016260276202E-01      3.934697729495E-01      6.544668916391E-01
      7.300000000000E+00      6.209223568351E-01      5.625912086790E-01      5.183876782552E-01      4.855651216154E-01      4.609969485587E-01      4.422063179061E-01      4.274621575555E-01      4.156026048857E-01      4.058498404609E-01      3.976753478076E-01      6.555196810435E-01
      7.400000000000E+00      6.227863996535E-01      5.656491337629E-01      5.220805363008E-01      4.895543802876E-01      4.651096617372E-01      4.463616265750E-01      4.316241312252E-01      4.197560092414E-01      4.099887501067E-01      4.017979749810E-01      6.565301878628E-01
      7.500000000000E+00      6.245803065915E-01      5.686059687386E-01      5.256666000958E-01      4.934407522608E-01      4.691251996511E-01      4.504247850186E-01      4.356978946332E-01      4.238242311976E-01      4.140448352009E-01      4.058396570050E-01      6.575006349637E-01
      7.600000000000E+00      6.263074890922E-01      5.714658725330E-01      5.291495669638E-01      4.972273455946E-01      4.730462484583E-01      4.543982106303E-01      4.396856903658E-01      4.278093913192E-01      4.180201247107E-01      4.098023502203E-01      6.584331021688E-01
      7.700000000000E+00      6.279711583080E-01      5.742328079785E-01      5.325329967761E-01      5.009171716682E-01      4.768754184170E-01      4.582842556682E-01      4.435897025220E-01      4.317135565609E-01      4.219165979123E-01      4.136879645319E-01      6.593295370503E-01
      7.800000000000E+00      6.295743386195E-01      5.769105515220E-01      5.358203164279E-01      5.045131473336E-01      4.806152452475E-01      4.620852082760E-01      4.474120575072E-01      4.355387408897E-01      4.257361848898E-01      4.174983638317E-01      6.601917647847E-01
      7.900000000000E+00      6.311198801833E-01      5.795027026073E-01      5.390148244313E-01      5.080180972597E-01      4.842681916336E-01      4.658032935531E-01      4.511548247498E-01      4.392869056561E-01      4.294807665668E-01      4.212353656946E-01      6.610214971779E-01
      8.000000000000E+00      6.326104705205E-01      5.820126925503E-01      5.421196953799E-01      5.114347562716E-01      4.878366487770E-01      4.694406747553E-01      4.548200176753E-01      4.429599604146E-01      4.331521754400E-01      4.249007420915E-01      6.618203409353E-01
      8.100000000000E+00      6.340486452420E-01      5.844437929992E-01      5.451379843566E-01      5.147657717094E-01      4.913229379480E-01      4.729994544423E-01      4.584095945514E-01      4.465597635037E-01      4.367521959311E-01      4.284962195496E-01      6.625898052343E-01
      8.200000000000E+00      6.354367979523E-01      5.867991238529E-01      5.480726311055E-01      5.180137057694E-01      4.947293122763E-01      4.764816761632E-01      4.619254601593E-01      4.500881236833E-01      4.402825659379E-01      4.320234805590E-01      6.633313086764E-01
      8.300000000000E+00      6.367771895693E-01      5.890816611833E-01      5.509264646073E-01      5.211810381404E-01      4.980579584138E-01      4.798893254823E-01      4.653694663083E-01      4.535468002463E-01      4.437449766693E-01      4.354841632583E-01      6.640461857124E-01
      8.400000000000E+00      6.380719568075E-01      5.912942443711E-01      5.537022070613E-01      5.242701682771E-01      5.013109981689E-01      4.832243313720E-01      4.687434130893E-01      4.569375041532E-01      4.471410736699E-01      4.388798623667E-01      6.647356924955E-01
      8.500000000000E+00      6.393231200792E-01      5.934395828895E-01      5.564024777761E-01      5.272834177436E-01      5.044904903718E-01      4.864885680153E-01      4.720490507018E-01      4.602618998478E-01      4.504724585456E-01      4.422121307264E-01      6.654010122880E-01
      8.600000000000E+00      6.405325909201E-01      5.955202630495E-01      5.590297973417E-01      5.302230327143E-01      5.075984324624E-01      4.896838557859E-01      4.752880799671E-01      4.635216054415E-01      4.537406889802E-01      4.454824793178E-01      6.660432604609E-01
      8.700000000000E+00      6.417021787835E-01      5.975387540638E-01      5.615865912587E-01      5.330911862491E-01      5.106367623732E-01      4.928119631259E-01      4.784621542518E-01      4.667181945848E-01      4.569472804109E-01      4.486923785977E-01      6.666634890781E-01
      8.800000000000E+00      6.428335974121E-01      5.994974140286E-01      5.640751937491E-01      5.358899806007E-01      5.136073599847E-01      4.958746074537E-01      4.815728800117E-01      4.698531968443E-01      4.600937064547E-01      4.518432591797E-01      6.672626911333E-01
      8.900000000000E+00      6.439284707552E-01      6.013984954747E-01      5.664978512941E-01      5.386214495278E-01      5.165120490180E-01      4.988734569754E-01      4.846218185705E-01      4.729280993694E-01      4.631814003462E-01      4.549365129334E-01      6.678418044754E-01
      9.000000000000E+00      6.449883384334E-01      6.032441505966E-01      5.688567260110E-01      5.412875604295E-01      5.193525986006E-01      5.018101319984E-01      4.876104872925E-01      4.759443479634E-01      4.662117559265E-01      4.579734938988E-01      6.684017154090E-01
      9.100000000000E+00      6.460146608749E-01      6.050364363154E-01      5.711538990575E-01      5.438902165556E-01      5.221307248587E-01      5.046862061874E-01      4.905403606192E-01      4.789033479764E-01      4.691861284692E-01      4.609555191313E-01      6.689432620473E-01
      9.200000000000E+00      6.470088240813E-01      6.067773189938E-01      5.733913738062E-01      5.464312591316E-01      5.248480926223E-01      5.075032081542E-01      4.934128716261E-01      4.818064658079E-01      4.721058360666E-01      4.638838698956E-01      6.694672374135E-01
      9.300000000000E+00      6.479721440766E-01      6.084686789782E-01      5.755710790066E-01      5.489124694370E-01      5.275063168809E-01      5.102626225327E-01      4.962294128272E-01      4.846550295208E-01      4.749721601407E-01      4.667597921690E-01      6.699743923062E-01
      9.400000000000E+00      6.489058710137E-01      6.101123147597E-01      5.776948716438E-01      5.513355707296E-01      5.301069643262E-01      5.129658914324E-01      4.989913376338E-01      4.874503303071E-01      4.777863468796E-01      4.695844979995E-01      6.704654379488E-01
      9.500000000000E+00      6.498111930363E-01      6.117099470055E-01      5.797645398082E-01      5.537022301919E-01      5.326515548128E-01      5.156144156573E-01      5.016999614319E-01      4.901936234645E-01      4.805496081411E-01      4.723591663630E-01      6.709410484545E-01
      9.600000000000E+00      6.506892399324E-01      6.132632224764E-01      5.817818055852E-01      5.560140609538E-01      5.351415628988E-01      5.182095559789E-01      5.043565626693E-01      4.928861293311E-01      4.832631222542E-01      4.750849438519E-01      6.714018631383E-01
      9.700000000000E+00      6.515410864677E-01      6.147737175559E-01      5.837483275957E-01      5.582726238478E-01      5.375784192368E-01      5.207526344157E-01      5.069623841232E-01      4.955290345633E-01      4.859280353021E-01      4.777629459462E-01      6.718484886329E-01
      9.800000000000E+00      6.523677554890E-01      6.162429416099E-01      5.856657034587E-01      5.604794290746E-01      5.399635117753E-01      5.232449351707E-01      5.095186336633E-01      4.981234927660E-01      4.885454616489E-01      4.803942574676E-01      6.722815008410E-01
      9.900000000000E+00      6.531702209319E-01      6.176723403390E-01      5.875354723798E-01      5.626359381091E-01      5.422981873022E-01      5.256877060174E-01      5.120264855625E-01      5.006706257547E-01      4.911164851596E-01      4.829799337570E-01      6.727014468129E-01
      1.000000000000E+01      6.539494105388E-01      6.190632987839E-01      5.893591174105E-01      5.647435652843E-01      5.445837526605E-01      5.280821593458E-01      5.144870814609E-01      5.031715244641E-01      4.936421600573E-01      4.855210014795E-01      6.731088464434E-01


 Calculation finished at  2022-02-21 21:18:05